(Iter. 2) BestSol = Solution: cost=[-1040.0], size=[42], elements=[84, 61, 2, 9, 97, 51, 85, 79, 12, 45, 70, 48, 23, 4, 68, 67, 16, 72, 15, 5, 44, 10, 92, 58, 63, 20, 73, 17, 59, 13, 56, 26, 94, 43, 22, 62, 29, 90, 91, 55, 38, 57]
(Iter. 3) BestSol = Solution: cost=[-1056.0], size=[42], elements=[84, 61, 2, 9, 97, 51, 85, 79, 12, 45, 70, 48, 23, 4, 68, 67, 16, 72, 15, 5, 44, 10, 92, 58, 63, 20, 73, 17, 59, 13, 56, 26, 94, 43, 22, 62, 29, 91, 55, 38, 57, 49]
(Iter. 4) BestSol = Solution: cost=[-1060.0], size=[42], elements=[84, 61, 2, 9, 97, 51, 85, 79, 12, 45, 70, 48, 23, 4, 68, 67, 16, 72, 15, 5, 44, 10, 92, 58, 63, 20, 73, 17, 59, 13, 56, 94, 43, 22, 62, 29, 91, 55, 38, 57, 49, 21]
(Iter. 5) BestSol = Solution: cost=[-1067.0], size=[43], elements=[84, 61, 2, 9, 97, 51, 85, 79, 12, 45, 70, 48, 23, 4, 68, 67, 16, 72, 15, 5, 44, 10, 92, 58, 63, 20, 73, 17, 59, 13, 56, 94, 43, 22, 62, 29, 91, 55, 38, 57, 49, 21, 33]
(Iter. 6) BestSol = Solution: cost=[-1068.0], size=[44], elements=[84, 61, 2, 9, 97, 51, 85, 79, 12, 45, 70, 48, 23, 4, 68, 67, 16, 72, 15, 5, 44, 10, 92, 58, 63, 20, 73, 17, 59, 13, 56, 94, 43, 22, 62, 29, 91, 55, 38, 57, 49, 21, 33, 71]
(Iter. 7) BestSol = Solution: cost=[-1071.0], size=[45], elements=[84, 61, 2, 9, 97, 51, 85, 79, 12, 45, 70, 48, 23, 4, 68, 67, 16, 72, 15, 5, 44, 10, 92, 58, 63, 20, 73, 17, 59, 13, 56, 94, 43, 22, 62, 29, 91, 55, 38, 57, 49, 21, 33, 71, 81]
(Iter. 8) BestSol = Solution: cost=[-1076.0], size=[46], elements=[84, 61, 2, 9, 97, 51, 85, 79, 12, 45, 70, 48, 23, 4, 68, 67, 16, 72, 15, 5, 44, 10, 92, 58, 63, 20, 73, 17, 59, 13, 56, 94, 43, 22, 62, 29, 91, 55, 38, 57, 49, 21, 33, 71, 81, 18]
(Iter. 1903) BestSol = Solution: cost=[-1087.0], size=[44], elements=[10, 7, 63, 23, 62, 38, 92, 24, 22, 74, 17, 77, 85, 69, 71, 20, 79, 14, 33, 45, 50, 28, 67, 78, 61, 51, 16, 25, 31, 88, 68, 55, 44, 73, 9, 19, 35, 52, 21, 5, 72, 15, 2, 57]
(Iter. 1904) BestSol = Solution: cost=[-1134.0], size=[44], elements=[10, 7, 63, 23, 62, 38, 92, 24, 22, 74, 17, 77, 85, 69, 71, 20, 79, 14, 33, 45, 50, 28, 67, 61, 51, 16, 25, 31, 88, 68, 55, 44, 73, 9, 19, 35, 52, 21, 5, 72, 15, 2, 57, 81]
(Iter. 1905) BestSol = Solution: cost=[-1167.0], size=[44], elements=[10, 7, 63, 23, 62, 38, 92, 24, 22, 74, 17, 77, 85, 69, 71, 20, 79, 14, 33, 45, 50, 28, 67, 61, 51, 16, 25, 31, 88, 68, 55, 44, 73, 9, 19, 52, 21, 5, 72, 15, 2, 57, 81, 18]
(Iter. 1906) BestSol = Solution: cost=[-1183.0], size=[45], elements=[10, 7, 63, 23, 62, 38, 92, 24, 22, 74, 17, 77, 85, 69, 71, 20, 79, 14, 33, 45, 50, 28, 67, 61, 51, 16, 25, 31, 88, 68, 55, 44, 73, 9, 19, 52, 21, 5, 72, 15, 2, 57, 81, 18, 56]
(Iter. 1907) BestSol = Solution: cost=[-1195.0], size=[45], elements=[10, 7, 63, 23, 62, 38, 92, 24, 22, 74, 17, 77, 85, 69, 71, 20, 79, 14, 33, 45, 50, 28, 67, 61, 51, 16, 25, 31, 88, 68, 55, 44, 73, 9, 19, 52, 21, 72, 15, 2, 57, 81, 18, 56, 42]
(Iter. 1908) BestSol = Solution: cost=[-1205.0], size=[46], elements=[10, 7, 63, 23, 62, 38, 92, 24, 22, 74, 17, 77, 85, 69, 71, 20, 79, 14, 33, 45, 50, 28, 67, 61, 51, 16, 25, 31, 88, 68, 55, 44, 73, 9, 19, 52, 21, 72, 15, 2, 57, 81, 18, 56, 42, 94]
(Iter. 27607) BestSol = Solution: cost=[-1239.0], size=[45], elements=[10, 2, 68, 17, 7, 38, 63, 91, 57, 44, 90, 69, 93, 43, 94, 26, 27, 33, 56, 22, 71, 74, 49, 96, 95, 18, 24, 31, 23, 29, 25, 34, 19, 78, 51, 84, 64, 14, 86, 83, 11, 81, 89, 3, 62]
(Iter. 27608) BestSol = Solution: cost=[-1247.0], size=[46], elements=[10, 2, 68, 17, 7, 38, 63, 91, 57, 44, 90, 69, 93, 43, 94, 26, 27, 33, 56, 22, 71, 74, 49, 96, 95, 18, 24, 31, 23, 29, 25, 34, 19, 78, 51, 84, 64, 14, 86, 83, 11, 81, 89, 3, 62, 28]
(Iter. 27609) BestSol = Solution: cost=[-1248.0], size=[46], elements=[10, 2, 68, 17, 7, 38, 63, 91, 57, 44, 90, 69, 93, 43, 94, 26, 27, 33, 56, 22, 71, 74, 96, 95, 18, 24, 31, 23, 29, 25, 34, 19, 78, 51, 84, 64, 14, 86, 83, 11, 81, 89, 3, 62, 28, 61]
maxVal = Solution: cost=[-1248.0], size=[46], elements=[10, 2, 68, 17, 7, 38, 63, 91, 57, 44, 90, 69, 93, 43, 94, 26, 27, 33, 56, 22, 71, 74, 96, 95, 18, 24, 31, 23, 29, 25, 34, 19, 78, 51, 84, 64, 14, 86, 83, 11, 81, 89, 3, 62, 28, 61]
Time = 1800.075 seg
