(Iter. 2) BestSol = Solution: cost=[-628.0], size=[35], elements=[64, 41, 25, 0, 59, 47, 77, 48, 23, 16, 28, 65, 31, 15, 20, 38, 43, 8, 53, 3, 50, 14, 68, 13, 21, 37, 22, 60, 24, 18, 42, 51, 30, 19, 52]
(Iter. 644) BestSol = Solution: cost=[-630.0], size=[31], elements=[2, 37, 18, 64, 23, 24, 71, 74, 34, 4, 53, 73, 60, 58, 15, 47, 75, 49, 21, 13, 1, 7, 3, 50, 54, 10, 31, 48, 8, 76, 11]
(Iter. 645) BestSol = Solution: cost=[-636.0], size=[32], elements=[2, 37, 18, 64, 23, 24, 71, 74, 34, 4, 53, 73, 60, 58, 15, 47, 75, 49, 21, 13, 1, 7, 3, 50, 54, 10, 31, 48, 8, 76, 11, 6]
(Iter. 646) BestSol = Solution: cost=[-647.0], size=[33], elements=[2, 37, 18, 64, 23, 24, 71, 74, 34, 4, 53, 73, 60, 58, 15, 47, 75, 49, 21, 13, 1, 7, 3, 50, 54, 10, 31, 48, 8, 76, 11, 6, 22]
(Iter. 647) BestSol = Solution: cost=[-648.0], size=[32], elements=[2, 37, 18, 23, 24, 71, 74, 34, 4, 53, 73, 60, 58, 15, 47, 75, 49, 21, 13, 1, 7, 3, 50, 54, 10, 31, 48, 8, 76, 11, 6, 22]
(Iter. 648) BestSol = Solution: cost=[-657.0], size=[33], elements=[2, 37, 18, 23, 24, 71, 74, 34, 4, 53, 73, 60, 58, 15, 47, 75, 49, 21, 13, 1, 7, 3, 50, 54, 10, 31, 48, 8, 76, 11, 6, 22, 52]
(Iter. 649) BestSol = Solution: cost=[-670.0], size=[32], elements=[2, 37, 18, 23, 24, 71, 74, 34, 4, 53, 73, 60, 15, 47, 75, 49, 21, 13, 1, 7, 3, 50, 54, 10, 31, 48, 8, 76, 11, 6, 22, 52]
(Iter. 650) BestSol = Solution: cost=[-677.0], size=[31], elements=[2, 37, 18, 23, 24, 71, 74, 34, 4, 53, 73, 60, 15, 47, 75, 49, 21, 13, 1, 7, 3, 50, 54, 10, 31, 48, 8, 76, 11, 22, 52]
(Iter. 654) BestSol = Solution: cost=[-681.0], size=[30], elements=[2, 37, 18, 24, 71, 74, 4, 53, 73, 60, 15, 47, 75, 49, 21, 13, 1, 7, 3, 50, 54, 10, 31, 48, 8, 11, 22, 52, 65, 61]
(Iter. 664) BestSol = Solution: cost=[-688.0], size=[30], elements=[2, 18, 24, 4, 53, 60, 15, 47, 49, 21, 13, 1, 7, 3, 50, 54, 10, 31, 48, 8, 11, 22, 52, 65, 61, 20, 5, 43, 25, 37]
(Iter. 665) BestSol = Solution: cost=[-693.0], size=[29], elements=[2, 18, 24, 4, 53, 60, 15, 47, 49, 21, 13, 1, 7, 3, 50, 54, 10, 31, 48, 8, 11, 22, 52, 65, 61, 20, 5, 25, 37]
(Iter. 666) BestSol = Solution: cost=[-697.0], size=[30], elements=[2, 18, 24, 4, 53, 60, 15, 47, 49, 21, 13, 1, 7, 3, 50, 54, 10, 31, 48, 8, 11, 22, 52, 65, 61, 20, 5, 25, 37, 71]
(Iter. 669) BestSol = Solution: cost=[-702.0], size=[31], elements=[2, 18, 24, 4, 60, 15, 47, 49, 21, 13, 1, 7, 3, 50, 54, 10, 31, 48, 8, 11, 22, 52, 65, 61, 20, 5, 25, 37, 71, 19, 42]
(Iter. 670) BestSol = Solution: cost=[-711.0], size=[32], elements=[2, 18, 24, 4, 60, 15, 47, 49, 21, 13, 1, 7, 3, 50, 54, 10, 31, 48, 8, 11, 22, 52, 65, 61, 20, 5, 25, 37, 71, 19, 42, 27]
(Iter. 671) BestSol = Solution: cost=[-720.0], size=[33], elements=[2, 18, 24, 4, 60, 15, 47, 49, 21, 13, 1, 7, 3, 50, 54, 10, 31, 48, 8, 11, 22, 52, 65, 61, 20, 5, 25, 37, 71, 19, 42, 27, 12]
(Iter. 341517) BestSol = Solution: cost=[-721.0], size=[35], elements=[3, 22, 49, 8, 13, 37, 18, 24, 31, 15, 5, 54, 10, 48, 11, 4, 52, 65, 42, 71, 57, 2, 19, 21, 43, 27, 61, 29, 73, 1, 60, 51, 62, 47, 50]
(Iter. 341518) BestSol = Solution: cost=[-740.0], size=[36], elements=[3, 22, 49, 8, 13, 37, 18, 24, 31, 15, 5, 54, 10, 48, 11, 4, 52, 65, 42, 71, 57, 2, 19, 21, 43, 27, 61, 29, 73, 1, 60, 51, 62, 47, 50, 25]
(Iter. 341519) BestSol = Solution: cost=[-741.0], size=[35], elements=[3, 22, 49, 8, 13, 37, 18, 24, 31, 15, 5, 54, 10, 48, 11, 4, 52, 65, 42, 71, 57, 2, 19, 21, 43, 27, 61, 73, 1, 60, 51, 62, 47, 50, 25]
(Iter. 341520) BestSol = Solution: cost=[-747.0], size=[36], elements=[3, 22, 49, 8, 13, 37, 18, 24, 31, 15, 5, 54, 10, 48, 11, 4, 52, 65, 42, 71, 57, 2, 19, 21, 43, 27, 61, 73, 1, 60, 51, 62, 47, 50, 25, 7]
maxVal = Solution: cost=[-747.0], size=[36], elements=[3, 22, 49, 8, 13, 37, 18, 24, 31, 15, 5, 54, 10, 48, 11, 4, 52, 65, 42, 71, 57, 2, 19, 21, 43, 27, 61, 73, 1, 60, 51, 62, 47, 50, 25, 7]
Time = 1701.227 seg
