(Iter. 2) BestSol = Solution: cost=[-431.0], size=[28], elements=[3, 28, 17, 16, 11, 34, 49, 26, 38, 44, 42, 21, 51, 56, 4, 55, 30, 12, 9, 41, 24, 53, 35, 29, 59, 14, 46, 45]
(Iter. 3) BestSol = Solution: cost=[-462.0], size=[27], elements=[3, 28, 17, 16, 11, 34, 49, 26, 38, 44, 42, 21, 51, 56, 4, 55, 30, 12, 41, 24, 53, 35, 29, 59, 14, 46, 45]
(Iter. 4) BestSol = Solution: cost=[-469.0], size=[28], elements=[3, 28, 17, 16, 11, 34, 49, 26, 38, 44, 42, 21, 51, 56, 4, 55, 30, 12, 41, 24, 53, 35, 29, 59, 14, 46, 45, 22]
(Iter. 775) BestSol = Solution: cost=[-472.0], size=[26], elements=[4, 51, 55, 30, 56, 22, 53, 17, 38, 44, 26, 35, 41, 29, 24, 49, 54, 16, 59, 2, 3, 27, 46, 14, 19, 45]
(Iter. 779) BestSol = Solution: cost=[-476.0], size=[27], elements=[4, 51, 55, 30, 56, 53, 17, 38, 44, 26, 35, 41, 29, 24, 49, 54, 16, 59, 2, 3, 27, 46, 14, 19, 45, 13, 33]
(Iter. 780) BestSol = Solution: cost=[-483.0], size=[28], elements=[4, 51, 55, 30, 56, 53, 17, 38, 44, 26, 35, 41, 29, 24, 49, 54, 16, 59, 2, 3, 27, 46, 14, 19, 45, 13, 33, 11]
(Iter. 781) BestSol = Solution: cost=[-490.0], size=[27], elements=[4, 51, 55, 30, 56, 53, 17, 38, 44, 26, 35, 41, 29, 24, 49, 54, 16, 59, 2, 3, 27, 14, 19, 45, 13, 33, 11]
(Iter. 922) BestSol = Solution: cost=[-494.0], size=[29], elements=[27, 17, 44, 45, 38, 39, 22, 4, 29, 3, 10, 41, 31, 49, 48, 24, 35, 32, 23, 53, 59, 14, 26, 19, 51, 55, 2, 56, 54]
(Iter. 923) BestSol = Solution: cost=[-498.0], size=[28], elements=[27, 17, 44, 45, 38, 39, 22, 4, 29, 3, 41, 31, 49, 48, 24, 35, 32, 23, 53, 59, 14, 26, 19, 51, 55, 2, 56, 54]
(Iter. 9271) BestSol = Solution: cost=[-508.0], size=[25], elements=[4, 44, 27, 19, 30, 42, 35, 26, 49, 29, 2, 54, 55, 24, 16, 38, 51, 3, 59, 56, 14, 43, 17, 33, 13]
maxVal = Solution: cost=[-508.0], size=[25], elements=[4, 44, 27, 19, 30, 42, 35, 26, 49, 29, 2, 54, 55, 24, 16, 38, 51, 3, 59, 56, 14, 43, 17, 33, 13]
Time = 383.981 seg
