(Iter. 2) BestSol = Solution: cost=[-628.0], size=[35], elements=[64, 41, 25, 0, 59, 47, 77, 48, 23, 16, 28, 65, 31, 15, 20, 38, 43, 8, 53, 3, 50, 14, 68, 13, 21, 37, 22, 60, 24, 18, 42, 51, 30, 19, 52]
(Iter. 3) BestSol = Solution: cost=[-630.0], size=[35], elements=[64, 41, 25, 59, 47, 77, 48, 23, 16, 28, 65, 31, 15, 20, 38, 43, 8, 53, 3, 50, 14, 68, 13, 21, 37, 22, 60, 24, 18, 42, 51, 30, 19, 52, 46]
(Iter. 4) BestSol = Solution: cost=[-631.0], size=[36], elements=[64, 41, 25, 59, 47, 77, 48, 23, 16, 28, 65, 31, 15, 20, 38, 43, 8, 53, 3, 50, 14, 68, 13, 21, 37, 22, 60, 24, 18, 42, 51, 30, 19, 52, 46, 58]
(Iter. 42) BestSol = Solution: cost=[-634.0], size=[35], elements=[64, 25, 47, 48, 65, 31, 43, 8, 50, 13, 37, 24, 18, 42, 52, 46, 58, 5, 1, 12, 29, 9, 35, 2, 44, 34, 54, 57, 11, 61, 62, 71, 70, 63, 19]
(Iter. 43) BestSol = Solution: cost=[-636.0], size=[36], elements=[64, 25, 47, 48, 65, 31, 43, 8, 50, 13, 37, 24, 18, 42, 52, 46, 58, 5, 1, 12, 29, 9, 35, 2, 44, 34, 54, 57, 11, 61, 62, 71, 70, 63, 19, 22]
(Iter. 44) BestSol = Solution: cost=[-638.0], size=[37], elements=[64, 25, 47, 48, 65, 31, 43, 8, 50, 13, 37, 24, 18, 42, 52, 46, 58, 5, 1, 12, 29, 9, 35, 2, 44, 34, 54, 57, 11, 61, 62, 71, 70, 63, 19, 22, 60]
(Iter. 45) BestSol = Solution: cost=[-657.0], size=[38], elements=[64, 25, 47, 48, 65, 31, 43, 8, 50, 13, 37, 24, 18, 42, 52, 46, 58, 5, 1, 12, 29, 9, 35, 2, 44, 34, 54, 57, 11, 61, 62, 71, 70, 63, 19, 22, 60, 51]
(Iter. 46) BestSol = Solution: cost=[-670.0], size=[37], elements=[64, 25, 47, 48, 65, 31, 43, 8, 13, 37, 24, 18, 42, 52, 46, 58, 5, 1, 12, 29, 9, 35, 2, 44, 34, 54, 57, 11, 61, 62, 71, 70, 63, 19, 22, 60, 51]
(Iter. 47) BestSol = Solution: cost=[-671.0], size=[36], elements=[64, 25, 47, 48, 65, 31, 43, 8, 13, 37, 24, 18, 42, 52, 46, 58, 5, 1, 12, 29, 9, 2, 44, 34, 54, 57, 11, 61, 62, 71, 70, 63, 19, 22, 60, 51]
(Iter. 48) BestSol = Solution: cost=[-692.0], size=[35], elements=[64, 25, 47, 48, 65, 31, 43, 8, 13, 37, 24, 18, 42, 52, 46, 58, 5, 1, 12, 29, 9, 2, 44, 54, 57, 11, 61, 62, 71, 70, 63, 19, 22, 60, 51]
(Iter. 49) BestSol = Solution: cost=[-701.0], size=[36], elements=[64, 25, 47, 48, 65, 31, 43, 8, 13, 37, 24, 18, 42, 52, 46, 58, 5, 1, 12, 29, 9, 2, 44, 54, 57, 11, 61, 62, 71, 70, 63, 19, 22, 60, 51, 35]
(Iter. 50) BestSol = Solution: cost=[-715.0], size=[35], elements=[64, 25, 47, 48, 65, 31, 43, 8, 13, 37, 24, 18, 42, 52, 46, 58, 5, 1, 12, 29, 9, 2, 44, 54, 57, 61, 62, 71, 70, 63, 19, 22, 60, 51, 35]
(Iter. 51) BestSol = Solution: cost=[-730.0], size=[34], elements=[64, 25, 47, 48, 65, 31, 43, 8, 13, 37, 24, 18, 42, 52, 46, 58, 5, 1, 12, 29, 9, 2, 44, 54, 57, 62, 71, 70, 63, 19, 22, 60, 51, 35]
(Iter. 52) BestSol = Solution: cost=[-737.0], size=[35], elements=[64, 25, 47, 48, 65, 31, 43, 8, 13, 37, 24, 18, 42, 52, 46, 58, 5, 1, 12, 29, 9, 2, 44, 54, 57, 62, 71, 70, 63, 19, 22, 60, 51, 35, 73]
(Iter. 53) BestSol = Solution: cost=[-754.0], size=[34], elements=[64, 25, 47, 48, 65, 31, 43, 8, 13, 37, 24, 18, 42, 52, 46, 58, 5, 1, 12, 29, 9, 2, 44, 54, 57, 62, 71, 70, 19, 22, 60, 51, 35, 73]
(Iter. 54) BestSol = Solution: cost=[-774.0], size=[35], elements=[64, 25, 47, 48, 65, 31, 43, 8, 13, 37, 24, 18, 42, 52, 46, 58, 5, 1, 12, 29, 9, 2, 44, 54, 57, 62, 71, 70, 19, 22, 60, 51, 35, 73, 72]
(Iter. 58) BestSol = Solution: cost=[-783.0], size=[35], elements=[64, 25, 47, 48, 65, 31, 43, 13, 37, 24, 18, 42, 52, 46, 58, 5, 1, 12, 29, 9, 2, 44, 54, 57, 62, 71, 70, 19, 22, 60, 51, 73, 72, 0, 27]
(Iter. 59) BestSol = Solution: cost=[-796.0], size=[36], elements=[64, 25, 47, 48, 65, 31, 43, 13, 37, 24, 18, 42, 52, 46, 58, 5, 1, 12, 29, 9, 2, 44, 54, 57, 62, 71, 70, 19, 22, 60, 51, 73, 72, 0, 27, 4]
(Iter. 60) BestSol = Solution: cost=[-807.0], size=[35], elements=[64, 25, 47, 48, 65, 31, 43, 13, 37, 24, 18, 42, 52, 46, 58, 5, 1, 12, 29, 9, 2, 44, 54, 57, 62, 71, 70, 19, 22, 60, 51, 73, 72, 27, 4]
(Iter. 2784) BestSol = Solution: cost=[-808.0], size=[36], elements=[44, 3, 70, 31, 2, 42, 64, 9, 48, 19, 58, 4, 69, 76, 24, 22, 43, 46, 62, 1, 73, 60, 13, 57, 74, 18, 36, 37, 71, 23, 75, 49, 66, 54, 51, 55]
(Iter. 2785) BestSol = Solution: cost=[-811.0], size=[37], elements=[44, 3, 70, 31, 2, 42, 64, 9, 48, 19, 58, 4, 69, 76, 24, 22, 43, 46, 62, 1, 73, 60, 13, 57, 74, 18, 36, 37, 71, 23, 75, 49, 66, 54, 51, 55, 7]
(Iter. 2786) BestSol = Solution: cost=[-837.0], size=[36], elements=[44, 3, 70, 31, 2, 42, 64, 9, 48, 19, 58, 4, 69, 76, 24, 22, 43, 46, 62, 1, 73, 60, 13, 57, 74, 18, 36, 37, 71, 23, 75, 49, 54, 51, 55, 7]
(Iter. 2787) BestSol = Solution: cost=[-839.0], size=[37], elements=[44, 3, 70, 31, 2, 42, 64, 9, 48, 19, 58, 4, 69, 76, 24, 22, 43, 46, 62, 1, 73, 60, 13, 57, 74, 18, 36, 37, 71, 23, 75, 49, 54, 51, 55, 7, 61]
(Iter. 2788) BestSol = Solution: cost=[-842.0], size=[38], elements=[44, 3, 70, 31, 2, 42, 64, 9, 48, 19, 58, 4, 69, 76, 24, 22, 43, 46, 62, 1, 73, 60, 13, 57, 74, 18, 36, 37, 71, 23, 75, 49, 54, 51, 55, 7, 61, 8]
(Iter. 2789) BestSol = Solution: cost=[-843.0], size=[37], elements=[44, 3, 70, 31, 2, 42, 64, 9, 48, 19, 58, 4, 69, 76, 24, 22, 43, 46, 62, 1, 73, 60, 13, 74, 18, 36, 37, 71, 23, 75, 49, 54, 51, 55, 7, 61, 8]
(Iter. 263678) BestSol = Solution: cost=[-849.0], size=[36], elements=[2, 31, 3, 18, 44, 4, 54, 1, 48, 47, 42, 71, 8, 49, 50, 37, 73, 21, 19, 55, 61, 75, 51, 60, 24, 69, 22, 46, 13, 74, 7, 76, 64, 52, 43, 62]
(Iter. 817173) BestSol = Solution: cost=[-851.0], size=[36], elements=[2, 18, 31, 3, 71, 48, 75, 42, 73, 43, 8, 76, 74, 61, 13, 1, 37, 49, 50, 4, 60, 47, 24, 22, 21, 55, 7, 52, 51, 54, 44, 58, 19, 46, 62, 64]
maxVal = Solution: cost=[-851.0], size=[36], elements=[2, 18, 31, 3, 71, 48, 75, 42, 73, 43, 8, 76, 74, 61, 13, 1, 37, 49, 50, 4, 60, 47, 24, 22, 21, 55, 7, 52, 51, 54, 44, 58, 19, 46, 62, 64]
Time = 1527.045 seg
