(Iter. 2) BestSol = Solution: cost=[-1040.0], size=[42], elements=[84, 61, 2, 9, 97, 51, 85, 79, 12, 45, 70, 48, 23, 4, 68, 67, 16, 72, 15, 5, 44, 10, 92, 58, 63, 20, 73, 17, 59, 13, 56, 26, 94, 43, 22, 62, 29, 90, 91, 55, 38, 57]
(Iter. 3) BestSol = Solution: cost=[-1046.0], size=[43], elements=[84, 61, 2, 9, 97, 51, 85, 79, 12, 45, 70, 48, 23, 4, 68, 67, 16, 72, 15, 5, 44, 10, 92, 58, 63, 20, 73, 17, 59, 13, 56, 26, 94, 43, 22, 62, 29, 90, 91, 55, 38, 57, 49]
(Iter. 4) BestSol = Solution: cost=[-1056.0], size=[42], elements=[84, 61, 2, 9, 97, 51, 85, 79, 12, 45, 70, 48, 23, 4, 68, 67, 16, 72, 15, 5, 44, 10, 92, 58, 63, 20, 73, 17, 59, 13, 56, 26, 94, 43, 22, 62, 29, 91, 55, 38, 57, 49]
(Iter. 5) BestSol = Solution: cost=[-1058.0], size=[43], elements=[84, 61, 2, 9, 97, 51, 85, 79, 12, 45, 70, 48, 23, 4, 68, 67, 16, 72, 15, 5, 44, 10, 92, 58, 63, 20, 73, 17, 59, 13, 56, 26, 94, 43, 22, 62, 29, 91, 55, 38, 57, 49, 81]
(Iter. 6) BestSol = Solution: cost=[-1062.0], size=[44], elements=[84, 61, 2, 9, 97, 51, 85, 79, 12, 45, 70, 48, 23, 4, 68, 67, 16, 72, 15, 5, 44, 10, 92, 58, 63, 20, 73, 17, 59, 13, 56, 26, 94, 43, 22, 62, 29, 91, 55, 38, 57, 49, 81, 21]
(Iter. 7) BestSol = Solution: cost=[-1063.0], size=[44], elements=[84, 61, 2, 9, 97, 51, 85, 79, 12, 45, 70, 48, 23, 4, 68, 67, 16, 72, 15, 5, 44, 10, 92, 58, 63, 20, 73, 17, 59, 13, 56, 94, 43, 22, 62, 29, 91, 55, 38, 57, 49, 81, 21, 71]
(Iter. 8) BestSol = Solution: cost=[-1071.0], size=[45], elements=[84, 61, 2, 9, 97, 51, 85, 79, 12, 45, 70, 48, 23, 4, 68, 67, 16, 72, 15, 5, 44, 10, 92, 58, 63, 20, 73, 17, 59, 13, 56, 94, 43, 22, 62, 29, 91, 55, 38, 57, 49, 81, 21, 71, 33]
(Iter. 9) BestSol = Solution: cost=[-1076.0], size=[46], elements=[84, 61, 2, 9, 97, 51, 85, 79, 12, 45, 70, 48, 23, 4, 68, 67, 16, 72, 15, 5, 44, 10, 92, 58, 63, 20, 73, 17, 59, 13, 56, 94, 43, 22, 62, 29, 91, 55, 38, 57, 49, 81, 21, 71, 33, 18]
(Iter. 306) BestSol = Solution: cost=[-1078.0], size=[45], elements=[2, 23, 10, 22, 7, 69, 16, 91, 74, 17, 13, 63, 81, 56, 68, 38, 51, 43, 57, 55, 45, 21, 15, 14, 84, 59, 30, 44, 73, 3, 49, 18, 37, 33, 80, 89, 93, 85, 29, 47, 62, 71, 92, 66, 86]
(Iter. 307) BestSol = Solution: cost=[-1080.0], size=[46], elements=[2, 23, 10, 22, 7, 69, 16, 91, 74, 17, 13, 63, 81, 56, 68, 38, 51, 43, 57, 55, 45, 21, 15, 14, 84, 59, 30, 44, 73, 3, 49, 18, 37, 33, 80, 89, 93, 85, 29, 47, 62, 71, 92, 66, 86, 24]
(Iter. 308) BestSol = Solution: cost=[-1087.0], size=[45], elements=[2, 23, 10, 22, 7, 69, 16, 91, 74, 17, 13, 63, 81, 56, 68, 38, 51, 43, 57, 55, 45, 21, 15, 14, 84, 30, 44, 73, 3, 49, 18, 37, 33, 80, 89, 93, 85, 29, 47, 62, 71, 92, 66, 86, 24]
(Iter. 309) BestSol = Solution: cost=[-1093.0], size=[44], elements=[2, 23, 10, 22, 7, 69, 16, 91, 74, 17, 13, 63, 81, 56, 68, 38, 51, 43, 57, 55, 45, 21, 15, 14, 84, 44, 73, 3, 49, 18, 37, 33, 80, 89, 93, 85, 29, 47, 62, 71, 92, 66, 86, 24]
(Iter. 310) BestSol = Solution: cost=[-1100.0], size=[45], elements=[2, 23, 10, 22, 7, 69, 16, 91, 74, 17, 13, 63, 81, 56, 68, 38, 51, 43, 57, 55, 45, 21, 15, 14, 84, 44, 73, 3, 49, 18, 37, 33, 80, 89, 93, 85, 29, 47, 62, 71, 92, 66, 86, 24, 28]
(Iter. 311) BestSol = Solution: cost=[-1106.0], size=[46], elements=[2, 23, 10, 22, 7, 69, 16, 91, 74, 17, 13, 63, 81, 56, 68, 38, 51, 43, 57, 55, 45, 21, 15, 14, 84, 44, 73, 3, 49, 18, 37, 33, 80, 89, 93, 85, 29, 47, 62, 71, 92, 66, 86, 24, 28, 25]
(Iter. 312) BestSol = Solution: cost=[-1113.0], size=[45], elements=[2, 23, 10, 22, 7, 69, 16, 91, 74, 17, 63, 81, 56, 68, 38, 51, 43, 57, 55, 45, 21, 15, 14, 84, 44, 73, 3, 49, 18, 37, 33, 80, 89, 93, 85, 29, 47, 62, 71, 92, 66, 86, 24, 28, 25]
(Iter. 313) BestSol = Solution: cost=[-1114.0], size=[46], elements=[2, 23, 10, 22, 7, 69, 16, 91, 74, 17, 63, 81, 56, 68, 38, 51, 43, 57, 55, 45, 21, 15, 14, 84, 44, 73, 3, 49, 18, 37, 33, 80, 89, 93, 85, 29, 47, 62, 71, 92, 66, 86, 24, 28, 25, 9]
(Iter. 314) BestSol = Solution: cost=[-1124.0], size=[45], elements=[2, 23, 10, 22, 7, 69, 16, 91, 74, 17, 63, 81, 56, 68, 38, 51, 57, 55, 45, 21, 15, 14, 84, 44, 73, 3, 49, 18, 37, 33, 80, 89, 93, 85, 29, 47, 62, 71, 92, 66, 86, 24, 28, 25, 9]
(Iter. 1642) BestSol = Solution: cost=[-1125.0], size=[44], elements=[10, 17, 2, 51, 84, 85, 14, 91, 13, 33, 93, 86, 29, 92, 94, 69, 63, 61, 45, 20, 27, 73, 56, 7, 44, 18, 38, 67, 72, 5, 62, 78, 57, 23, 19, 16, 22, 68, 43, 50, 71, 96, 90, 74]
(Iter. 1643) BestSol = Solution: cost=[-1140.0], size=[45], elements=[10, 17, 2, 51, 84, 85, 14, 91, 13, 33, 93, 86, 29, 92, 94, 69, 63, 61, 45, 20, 27, 73, 56, 7, 44, 18, 38, 67, 72, 5, 62, 78, 57, 23, 19, 16, 22, 68, 43, 50, 71, 96, 90, 74, 55]
(Iter. 1644) BestSol = Solution: cost=[-1162.0], size=[44], elements=[10, 17, 2, 51, 84, 85, 14, 91, 13, 33, 93, 86, 29, 92, 94, 69, 63, 61, 45, 20, 27, 73, 56, 7, 44, 18, 38, 67, 72, 62, 78, 57, 23, 19, 16, 22, 68, 43, 50, 71, 96, 90, 74, 55]
(Iter. 1645) BestSol = Solution: cost=[-1164.0], size=[45], elements=[10, 17, 2, 51, 84, 85, 14, 91, 13, 33, 93, 86, 29, 92, 94, 69, 63, 61, 45, 20, 27, 73, 56, 7, 44, 18, 38, 67, 72, 62, 78, 57, 23, 19, 16, 22, 68, 43, 50, 71, 96, 90, 74, 55, 25]
(Iter. 1646) BestSol = Solution: cost=[-1174.0], size=[46], elements=[10, 17, 2, 51, 84, 85, 14, 91, 13, 33, 93, 86, 29, 92, 94, 69, 63, 61, 45, 20, 27, 73, 56, 7, 44, 18, 38, 67, 72, 62, 78, 57, 23, 19, 16, 22, 68, 43, 50, 71, 96, 90, 74, 55, 25, 28]
(Iter. 1647) BestSol = Solution: cost=[-1177.0], size=[45], elements=[10, 17, 2, 51, 84, 85, 14, 91, 13, 33, 93, 86, 29, 92, 94, 69, 63, 61, 45, 20, 73, 56, 7, 44, 18, 38, 67, 72, 62, 78, 57, 23, 19, 16, 22, 68, 43, 50, 71, 96, 90, 74, 55, 25, 28]
(Iter. 1652) BestSol = Solution: cost=[-1181.0], size=[48], elements=[10, 17, 2, 51, 84, 85, 14, 91, 13, 33, 86, 29, 92, 94, 69, 63, 61, 45, 20, 73, 56, 7, 44, 18, 38, 67, 72, 62, 78, 57, 23, 19, 16, 22, 68, 43, 50, 71, 96, 90, 74, 55, 25, 28, 83, 15, 9, 79]
(Iter. 1653) BestSol = Solution: cost=[-1189.0], size=[49], elements=[10, 17, 2, 51, 84, 85, 14, 91, 13, 33, 86, 29, 92, 94, 69, 63, 61, 45, 20, 73, 56, 7, 44, 18, 38, 67, 72, 62, 78, 57, 23, 19, 16, 22, 68, 43, 50, 71, 96, 90, 74, 55, 25, 28, 83, 15, 9, 79, 42]
(Iter. 1654) BestSol = Solution: cost=[-1195.0], size=[48], elements=[10, 17, 2, 51, 84, 85, 14, 91, 33, 86, 29, 92, 94, 69, 63, 61, 45, 20, 73, 56, 7, 44, 18, 38, 67, 72, 62, 78, 57, 23, 19, 16, 22, 68, 43, 50, 71, 96, 90, 74, 55, 25, 28, 83, 15, 9, 79, 42]
(Iter. 1655) BestSol = Solution: cost=[-1203.0], size=[47], elements=[10, 17, 2, 51, 84, 85, 14, 91, 33, 86, 29, 92, 94, 69, 63, 61, 45, 20, 73, 56, 7, 44, 18, 38, 67, 72, 62, 78, 57, 23, 19, 16, 22, 68, 50, 71, 96, 90, 74, 55, 25, 28, 83, 15, 9, 79, 42]
(Iter. 1656) BestSol = Solution: cost=[-1209.0], size=[48], elements=[10, 17, 2, 51, 84, 85, 14, 91, 33, 86, 29, 92, 94, 69, 63, 61, 45, 20, 73, 56, 7, 44, 18, 38, 67, 72, 62, 78, 57, 23, 19, 16, 22, 68, 50, 71, 96, 90, 74, 55, 25, 28, 83, 15, 9, 79, 42, 5]
(Iter. 1657) BestSol = Solution: cost=[-1247.0], size=[47], elements=[10, 17, 2, 51, 84, 85, 14, 91, 33, 86, 29, 92, 94, 69, 63, 61, 45, 20, 73, 56, 7, 44, 18, 38, 67, 72, 62, 78, 57, 23, 19, 16, 22, 68, 50, 71, 96, 90, 74, 55, 25, 28, 15, 9, 79, 42, 5]
maxVal = Solution: cost=[-1247.0], size=[47], elements=[10, 17, 2, 51, 84, 85, 14, 91, 33, 86, 29, 92, 94, 69, 63, 61, 45, 20, 73, 56, 7, 44, 18, 38, 67, 72, 62, 78, 57, 23, 19, 16, 22, 68, 50, 71, 96, 90, 74, 55, 25, 28, 15, 9, 79, 42, 5]
Time = 1695.239 seg
