(Iter. 2) BestSol = Solution: cost=[-3547.0], size=[90], elements=[4, 103, 5, 6, 125, 19, 166, 30, 169, 148, 63, 164, 72, 74, 62, 176, 108, 46, 167, 51, 129, 23, 184, 55, 21, 120, 155, 131, 137, 145, 58, 66, 136, 77, 92, 119, 28, 89, 199, 139, 95, 88, 102, 153, 49, 93, 117, 7, 52, 162, 25, 54, 80, 157, 147, 110, 45, 56, 87, 141, 32, 114, 34, 11, 67, 107, 193, 94, 70, 161, 183, 41, 172, 99, 13, 121, 111, 81, 132, 171, 156, 38, 173, 79, 154, 105, 195, 37, 68, 73]
(Iter. 3) BestSol = Solution: cost=[-3584.0], size=[91], elements=[4, 103, 5, 6, 125, 19, 166, 30, 169, 148, 63, 164, 72, 74, 62, 176, 108, 46, 167, 51, 129, 23, 184, 55, 21, 120, 155, 131, 137, 145, 58, 66, 136, 77, 92, 119, 28, 89, 199, 139, 95, 88, 102, 153, 49, 93, 117, 7, 52, 162, 25, 54, 80, 157, 147, 110, 45, 56, 87, 141, 32, 114, 34, 11, 67, 107, 193, 94, 70, 161, 183, 41, 172, 99, 13, 121, 111, 81, 132, 171, 156, 38, 173, 79, 154, 105, 195, 37, 68, 73, 174]
(Iter. 4) BestSol = Solution: cost=[-3590.0], size=[90], elements=[4, 103, 5, 6, 125, 19, 166, 30, 169, 148, 63, 164, 72, 74, 62, 176, 108, 46, 167, 51, 129, 23, 184, 55, 21, 120, 155, 131, 137, 145, 58, 66, 136, 77, 92, 119, 28, 89, 199, 139, 95, 88, 102, 153, 49, 93, 117, 7, 52, 162, 25, 54, 80, 157, 147, 110, 45, 56, 87, 141, 32, 114, 34, 11, 67, 107, 193, 94, 70, 161, 183, 41, 172, 99, 13, 121, 111, 81, 132, 171, 156, 38, 173, 79, 154, 105, 195, 37, 68, 174]
(Iter. 5) BestSol = Solution: cost=[-3593.0], size=[89], elements=[4, 103, 5, 6, 125, 19, 166, 30, 169, 148, 63, 164, 72, 74, 62, 176, 108, 46, 167, 51, 129, 23, 184, 55, 21, 120, 155, 131, 137, 145, 58, 66, 136, 77, 92, 119, 28, 89, 199, 139, 95, 88, 102, 153, 49, 93, 117, 7, 52, 162, 25, 54, 80, 157, 147, 110, 45, 56, 87, 141, 32, 114, 34, 11, 67, 107, 193, 94, 70, 161, 183, 41, 172, 99, 121, 111, 81, 132, 171, 156, 38, 173, 79, 154, 105, 195, 37, 68, 174]
(Iter. 6) BestSol = Solution: cost=[-3606.0], size=[88], elements=[4, 103, 5, 6, 125, 19, 166, 30, 169, 148, 63, 164, 72, 74, 62, 176, 108, 46, 167, 51, 129, 23, 184, 55, 21, 120, 155, 131, 137, 145, 58, 66, 136, 77, 92, 119, 28, 89, 199, 139, 95, 88, 102, 153, 49, 93, 117, 7, 52, 162, 25, 54, 80, 157, 147, 110, 45, 56, 87, 141, 32, 114, 34, 11, 67, 107, 193, 94, 70, 161, 183, 41, 172, 99, 121, 111, 81, 132, 171, 156, 38, 173, 79, 154, 105, 195, 37, 174]
(Iter. 9) BestSol = Solution: cost=[-3627.0], size=[89], elements=[4, 103, 5, 125, 19, 166, 30, 169, 148, 63, 164, 72, 74, 62, 176, 108, 46, 167, 51, 129, 23, 184, 55, 21, 120, 155, 131, 137, 145, 58, 66, 136, 77, 92, 119, 28, 89, 199, 139, 95, 88, 102, 153, 49, 93, 117, 7, 52, 162, 25, 54, 80, 157, 147, 110, 45, 56, 87, 141, 32, 114, 34, 11, 67, 107, 193, 94, 70, 161, 183, 41, 172, 99, 121, 111, 81, 132, 171, 156, 38, 173, 79, 154, 105, 195, 37, 174, 9, 18]
(Iter. 10) BestSol = Solution: cost=[-3643.0], size=[90], elements=[4, 103, 5, 125, 19, 166, 30, 169, 148, 63, 164, 72, 74, 62, 176, 108, 46, 167, 51, 129, 23, 184, 55, 21, 120, 155, 131, 137, 145, 58, 66, 136, 77, 92, 119, 28, 89, 199, 139, 95, 88, 102, 153, 49, 93, 117, 7, 52, 162, 25, 54, 80, 157, 147, 110, 45, 56, 87, 141, 32, 114, 34, 11, 67, 107, 193, 94, 70, 161, 183, 41, 172, 99, 121, 111, 81, 132, 171, 156, 38, 173, 79, 154, 105, 195, 37, 174, 9, 18, 181]
(Iter. 11) BestSol = Solution: cost=[-3645.0], size=[89], elements=[4, 103, 5, 125, 19, 166, 30, 169, 148, 63, 164, 72, 74, 62, 176, 108, 46, 167, 51, 129, 23, 184, 55, 21, 155, 131, 137, 145, 58, 66, 136, 77, 92, 119, 28, 89, 199, 139, 95, 88, 102, 153, 49, 93, 117, 7, 52, 162, 25, 54, 80, 157, 147, 110, 45, 56, 87, 141, 32, 114, 34, 11, 67, 107, 193, 94, 70, 161, 183, 41, 172, 99, 121, 111, 81, 132, 171, 156, 38, 173, 79, 154, 105, 195, 37, 174, 9, 18, 181]
(Iter. 12) BestSol = Solution: cost=[-3659.0], size=[90], elements=[4, 103, 5, 125, 19, 166, 30, 169, 148, 63, 164, 72, 74, 62, 176, 108, 46, 167, 51, 129, 23, 184, 55, 21, 155, 131, 137, 145, 58, 66, 136, 77, 92, 119, 28, 89, 199, 139, 95, 88, 102, 153, 49, 93, 117, 7, 52, 162, 25, 54, 80, 157, 147, 110, 45, 56, 87, 141, 32, 114, 34, 11, 67, 107, 193, 94, 70, 161, 183, 41, 172, 99, 121, 111, 81, 132, 171, 156, 38, 173, 79, 154, 105, 195, 37, 174, 9, 18, 181, 160]
(Iter. 13) BestSol = Solution: cost=[-3684.0], size=[91], elements=[4, 103, 5, 125, 19, 166, 30, 169, 148, 63, 164, 72, 74, 62, 176, 108, 46, 167, 51, 129, 23, 184, 55, 21, 155, 131, 137, 145, 58, 66, 136, 77, 92, 119, 28, 89, 199, 139, 95, 88, 102, 153, 49, 93, 117, 7, 52, 162, 25, 54, 80, 157, 147, 110, 45, 56, 87, 141, 32, 114, 34, 11, 67, 107, 193, 94, 70, 161, 183, 41, 172, 99, 121, 111, 81, 132, 171, 156, 38, 173, 79, 154, 105, 195, 37, 174, 9, 18, 181, 160, 40]
(Iter. 14) BestSol = Solution: cost=[-3685.0], size=[92], elements=[4, 103, 5, 125, 19, 166, 30, 169, 148, 63, 164, 72, 74, 62, 176, 108, 46, 167, 51, 129, 23, 184, 55, 21, 155, 131, 137, 145, 58, 66, 136, 77, 92, 119, 28, 89, 199, 139, 95, 88, 102, 153, 49, 93, 117, 7, 52, 162, 25, 54, 80, 157, 147, 110, 45, 56, 87, 141, 32, 114, 34, 11, 67, 107, 193, 94, 70, 161, 183, 41, 172, 99, 121, 111, 81, 132, 171, 156, 38, 173, 79, 154, 105, 195, 37, 174, 9, 18, 181, 160, 40, 91]
(Iter. 15) BestSol = Solution: cost=[-3693.0], size=[91], elements=[4, 103, 5, 125, 19, 166, 30, 169, 148, 63, 164, 72, 74, 62, 176, 108, 46, 167, 51, 129, 23, 184, 55, 21, 155, 131, 137, 145, 58, 66, 136, 77, 92, 119, 28, 89, 199, 139, 95, 88, 102, 153, 49, 93, 117, 7, 52, 162, 25, 54, 80, 157, 147, 110, 45, 56, 87, 141, 32, 114, 34, 11, 107, 193, 94, 70, 161, 183, 41, 172, 99, 121, 111, 81, 132, 171, 156, 38, 173, 79, 154, 105, 195, 37, 174, 9, 18, 181, 160, 40, 91]
(Iter. 16) BestSol = Solution: cost=[-3694.0], size=[92], elements=[4, 103, 5, 125, 19, 166, 30, 169, 148, 63, 164, 72, 74, 62, 176, 108, 46, 167, 51, 129, 23, 184, 55, 21, 155, 131, 137, 145, 58, 66, 136, 77, 92, 119, 28, 89, 199, 139, 95, 88, 102, 153, 49, 93, 117, 7, 52, 162, 25, 54, 80, 157, 147, 110, 45, 56, 87, 141, 32, 114, 34, 11, 107, 193, 94, 70, 161, 183, 41, 172, 99, 121, 111, 81, 132, 171, 156, 38, 173, 79, 154, 105, 195, 37, 174, 9, 18, 181, 160, 40, 91, 68]
(Iter. 17) BestSol = Solution: cost=[-3695.0], size=[93], elements=[4, 103, 5, 125, 19, 166, 30, 169, 148, 63, 164, 72, 74, 62, 176, 108, 46, 167, 51, 129, 23, 184, 55, 21, 155, 131, 137, 145, 58, 66, 136, 77, 92, 119, 28, 89, 199, 139, 95, 88, 102, 153, 49, 93, 117, 7, 52, 162, 25, 54, 80, 157, 147, 110, 45, 56, 87, 141, 32, 114, 34, 11, 107, 193, 94, 70, 161, 183, 41, 172, 99, 121, 111, 81, 132, 171, 156, 38, 173, 79, 154, 105, 195, 37, 174, 9, 18, 181, 160, 40, 91, 68, 186]
(Iter. 18) BestSol = Solution: cost=[-3697.0], size=[93], elements=[4, 103, 5, 125, 19, 166, 30, 169, 148, 63, 164, 72, 74, 62, 176, 108, 46, 167, 51, 129, 23, 184, 55, 21, 155, 131, 137, 145, 58, 66, 136, 77, 92, 119, 28, 89, 199, 139, 95, 88, 102, 153, 49, 93, 117, 7, 52, 162, 25, 54, 80, 157, 147, 110, 45, 56, 87, 141, 32, 114, 34, 11, 193, 94, 70, 161, 183, 41, 172, 99, 121, 111, 81, 132, 171, 156, 38, 173, 79, 154, 105, 195, 37, 174, 9, 18, 181, 160, 40, 91, 68, 186, 140]
(Iter. 21) BestSol = Solution: cost=[-3699.0], size=[93], elements=[4, 103, 5, 125, 19, 166, 30, 169, 148, 63, 164, 72, 74, 62, 176, 108, 46, 167, 51, 129, 23, 184, 55, 21, 155, 131, 137, 145, 58, 66, 136, 77, 92, 119, 28, 89, 199, 139, 95, 88, 102, 153, 49, 93, 117, 7, 52, 162, 25, 54, 80, 157, 147, 110, 45, 56, 87, 141, 32, 114, 34, 193, 94, 70, 161, 183, 41, 172, 99, 121, 111, 81, 132, 171, 156, 38, 173, 79, 154, 105, 195, 37, 174, 9, 18, 181, 160, 40, 91, 68, 186, 16, 107]
(Iter. 23) BestSol = Solution: cost=[-3700.0], size=[91], elements=[4, 103, 5, 125, 19, 166, 30, 169, 148, 63, 164, 72, 74, 62, 176, 108, 46, 167, 51, 129, 23, 184, 55, 21, 155, 131, 137, 145, 58, 66, 136, 77, 92, 119, 28, 89, 199, 139, 95, 88, 102, 153, 49, 93, 117, 7, 52, 162, 25, 54, 80, 157, 147, 110, 45, 56, 87, 141, 32, 114, 34, 193, 94, 70, 161, 183, 41, 172, 99, 121, 111, 81, 132, 171, 156, 173, 79, 154, 105, 195, 37, 174, 9, 18, 181, 160, 40, 91, 68, 186, 16]
(Iter. 6530) BestSol = Solution: cost=[-3719.0], size=[98], elements=[30, 157, 51, 131, 69, 17, 167, 148, 184, 166, 7, 63, 164, 49, 72, 4, 80, 119, 81, 162, 23, 179, 154, 114, 132, 195, 67, 137, 66, 147, 155, 121, 5, 99, 54, 192, 62, 55, 45, 88, 165, 150, 26, 163, 70, 141, 94, 14, 61, 29, 116, 145, 24, 74, 156, 110, 143, 171, 19, 18, 31, 96, 196, 182, 127, 139, 76, 199, 105, 85, 86, 89, 112, 159, 82, 174, 124, 140, 178, 198, 9, 183, 38, 153, 144, 193, 103, 11, 106, 83, 187, 122, 186, 111, 169, 28, 138, 84]
(Iter. 6531) BestSol = Solution: cost=[-3722.0], size=[99], elements=[30, 157, 51, 131, 69, 17, 167, 148, 184, 166, 7, 63, 164, 49, 72, 4, 80, 119, 81, 162, 23, 179, 154, 114, 132, 195, 67, 137, 66, 147, 155, 121, 5, 99, 54, 192, 62, 55, 45, 88, 165, 150, 26, 163, 70, 141, 94, 14, 61, 29, 116, 145, 24, 74, 156, 110, 143, 171, 19, 18, 31, 96, 196, 182, 127, 139, 76, 199, 105, 85, 86, 89, 112, 159, 82, 174, 124, 140, 178, 198, 9, 183, 38, 153, 144, 193, 103, 11, 106, 83, 187, 122, 186, 111, 169, 28, 138, 84, 25]
(Iter. 6532) BestSol = Solution: cost=[-3739.0], size=[100], elements=[30, 157, 51, 131, 69, 17, 167, 148, 184, 166, 7, 63, 164, 49, 72, 4, 80, 119, 81, 162, 23, 179, 154, 114, 132, 195, 67, 137, 66, 147, 155, 121, 5, 99, 54, 192, 62, 55, 45, 88, 165, 150, 26, 163, 70, 141, 94, 14, 61, 29, 116, 145, 24, 74, 156, 110, 143, 171, 19, 18, 31, 96, 196, 182, 127, 139, 76, 199, 105, 85, 86, 89, 112, 159, 82, 174, 124, 140, 178, 198, 9, 183, 38, 153, 144, 193, 103, 11, 106, 83, 187, 122, 186, 111, 169, 28, 138, 84, 25, 125]
(Iter. 6533) BestSol = Solution: cost=[-3753.0], size=[101], elements=[30, 157, 51, 131, 69, 17, 167, 148, 184, 166, 7, 63, 164, 49, 72, 4, 80, 119, 81, 162, 23, 179, 154, 114, 132, 195, 67, 137, 66, 147, 155, 121, 5, 99, 54, 192, 62, 55, 45, 88, 165, 150, 26, 163, 70, 141, 94, 14, 61, 29, 116, 145, 24, 74, 156, 110, 143, 171, 19, 18, 31, 96, 196, 182, 127, 139, 76, 199, 105, 85, 86, 89, 112, 159, 82, 174, 124, 140, 178, 198, 9, 183, 38, 153, 144, 193, 103, 11, 106, 83, 187, 122, 186, 111, 169, 28, 138, 84, 25, 125, 117]
(Iter. 6534) BestSol = Solution: cost=[-3760.0], size=[102], elements=[30, 157, 51, 131, 69, 17, 167, 148, 184, 166, 7, 63, 164, 49, 72, 4, 80, 119, 81, 162, 23, 179, 154, 114, 132, 195, 67, 137, 66, 147, 155, 121, 5, 99, 54, 192, 62, 55, 45, 88, 165, 150, 26, 163, 70, 141, 94, 14, 61, 29, 116, 145, 24, 74, 156, 110, 143, 171, 19, 18, 31, 96, 196, 182, 127, 139, 76, 199, 105, 85, 86, 89, 112, 159, 82, 174, 124, 140, 178, 198, 9, 183, 38, 153, 144, 193, 103, 11, 106, 83, 187, 122, 186, 111, 169, 28, 138, 84, 25, 125, 117, 93]
(Iter. 6535) BestSol = Solution: cost=[-3803.0], size=[103], elements=[30, 157, 51, 131, 69, 17, 167, 148, 184, 166, 7, 63, 164, 49, 72, 4, 80, 119, 81, 162, 23, 179, 154, 114, 132, 195, 67, 137, 66, 147, 155, 121, 5, 99, 54, 192, 62, 55, 45, 88, 165, 150, 26, 163, 70, 141, 94, 14, 61, 29, 116, 145, 24, 74, 156, 110, 143, 171, 19, 18, 31, 96, 196, 182, 127, 139, 76, 199, 105, 85, 86, 89, 112, 159, 82, 174, 124, 140, 178, 198, 9, 183, 38, 153, 144, 193, 103, 11, 106, 83, 187, 122, 186, 111, 169, 28, 138, 84, 25, 125, 117, 93, 160]
(Iter. 6536) BestSol = Solution: cost=[-3805.0], size=[102], elements=[30, 157, 51, 131, 69, 17, 167, 148, 184, 166, 7, 63, 164, 49, 72, 4, 80, 119, 81, 162, 23, 179, 154, 114, 132, 195, 67, 137, 66, 147, 155, 121, 5, 99, 54, 192, 62, 55, 45, 88, 165, 150, 26, 163, 70, 141, 94, 14, 61, 29, 116, 145, 24, 74, 156, 110, 143, 171, 19, 18, 31, 96, 196, 182, 127, 139, 76, 199, 105, 85, 86, 89, 112, 159, 82, 174, 124, 178, 198, 9, 183, 38, 153, 144, 193, 103, 11, 106, 83, 187, 122, 186, 111, 169, 28, 138, 84, 25, 125, 117, 93, 160]
(Iter. 6537) BestSol = Solution: cost=[-3810.0], size=[101], elements=[30, 157, 51, 131, 69, 17, 167, 148, 184, 166, 7, 63, 164, 49, 72, 4, 80, 119, 81, 162, 23, 179, 154, 114, 132, 195, 67, 137, 66, 147, 155, 121, 5, 99, 54, 192, 62, 55, 45, 88, 165, 150, 26, 163, 70, 141, 94, 14, 61, 29, 116, 145, 24, 74, 156, 110, 171, 19, 18, 31, 96, 196, 182, 127, 139, 76, 199, 105, 85, 86, 89, 112, 159, 82, 174, 124, 178, 198, 9, 183, 38, 153, 144, 193, 103, 11, 106, 83, 187, 122, 186, 111, 169, 28, 138, 84, 25, 125, 117, 93, 160]
(Iter. 6538) BestSol = Solution: cost=[-3815.0], size=[100], elements=[30, 157, 51, 131, 69, 17, 167, 148, 184, 166, 7, 63, 164, 49, 72, 4, 80, 119, 81, 162, 23, 179, 154, 114, 132, 195, 67, 137, 66, 147, 155, 121, 5, 99, 54, 192, 62, 55, 45, 88, 165, 150, 26, 163, 70, 141, 94, 14, 61, 29, 116, 145, 24, 74, 156, 110, 171, 19, 18, 31, 96, 196, 182, 127, 139, 76, 199, 105, 85, 86, 89, 112, 159, 82, 174, 124, 198, 9, 183, 38, 153, 144, 193, 103, 11, 106, 83, 187, 122, 186, 111, 169, 28, 138, 84, 25, 125, 117, 93, 160]
(Iter. 6539) BestSol = Solution: cost=[-3819.0], size=[101], elements=[30, 157, 51, 131, 69, 17, 167, 148, 184, 166, 7, 63, 164, 49, 72, 4, 80, 119, 81, 162, 23, 179, 154, 114, 132, 195, 67, 137, 66, 147, 155, 121, 5, 99, 54, 192, 62, 55, 45, 88, 165, 150, 26, 163, 70, 141, 94, 14, 61, 29, 116, 145, 24, 74, 156, 110, 171, 19, 18, 31, 96, 196, 182, 127, 139, 76, 199, 105, 85, 86, 89, 112, 159, 82, 174, 124, 198, 9, 183, 38, 153, 144, 193, 103, 11, 106, 83, 187, 122, 186, 111, 169, 28, 138, 84, 25, 125, 117, 93, 160, 56]
(Iter. 6540) BestSol = Solution: cost=[-3871.0], size=[102], elements=[30, 157, 51, 131, 69, 17, 167, 148, 184, 166, 7, 63, 164, 49, 72, 4, 80, 119, 81, 162, 23, 179, 154, 114, 132, 195, 67, 137, 66, 147, 155, 121, 5, 99, 54, 192, 62, 55, 45, 88, 165, 150, 26, 163, 70, 141, 94, 14, 61, 29, 116, 145, 24, 74, 156, 110, 171, 19, 18, 31, 96, 196, 182, 127, 139, 76, 199, 105, 85, 86, 89, 112, 159, 82, 174, 124, 198, 9, 183, 38, 153, 144, 193, 103, 11, 106, 83, 187, 122, 186, 111, 169, 28, 138, 84, 25, 125, 117, 93, 160, 56, 134]
(Iter. 6541) BestSol = Solution: cost=[-3873.0], size=[101], elements=[30, 157, 51, 131, 69, 17, 167, 148, 184, 166, 7, 63, 164, 49, 72, 4, 80, 119, 81, 162, 23, 179, 154, 114, 132, 195, 67, 137, 66, 147, 155, 121, 5, 99, 54, 192, 62, 55, 45, 88, 165, 150, 26, 163, 70, 141, 94, 14, 61, 29, 116, 145, 24, 74, 156, 110, 171, 19, 18, 31, 96, 196, 182, 127, 139, 76, 199, 105, 85, 86, 89, 112, 159, 82, 174, 124, 9, 183, 38, 153, 144, 193, 103, 11, 106, 83, 187, 122, 186, 111, 169, 28, 138, 84, 25, 125, 117, 93, 160, 56, 134]
(Iter. 6542) BestSol = Solution: cost=[-3892.0], size=[100], elements=[30, 157, 51, 131, 69, 17, 167, 148, 184, 166, 7, 63, 164, 49, 72, 4, 80, 119, 81, 162, 23, 179, 154, 114, 132, 195, 67, 137, 66, 147, 155, 121, 5, 99, 54, 192, 62, 55, 45, 88, 165, 150, 26, 163, 70, 141, 94, 14, 61, 29, 116, 145, 24, 74, 156, 110, 171, 19, 18, 31, 96, 196, 182, 127, 139, 76, 199, 105, 85, 86, 89, 112, 159, 82, 174, 124, 9, 183, 153, 144, 193, 103, 11, 106, 83, 187, 122, 186, 111, 169, 28, 138, 84, 25, 125, 117, 93, 160, 56, 134]
(Iter. 6543) BestSol = Solution: cost=[-3919.0], size=[99], elements=[30, 157, 51, 131, 69, 17, 167, 148, 184, 166, 7, 63, 164, 49, 72, 4, 80, 119, 81, 162, 23, 179, 154, 114, 132, 195, 67, 137, 66, 147, 155, 121, 5, 99, 54, 192, 62, 55, 45, 88, 165, 150, 26, 163, 70, 141, 94, 14, 61, 29, 116, 145, 24, 74, 156, 110, 171, 19, 18, 31, 96, 196, 182, 127, 139, 76, 199, 105, 85, 86, 89, 112, 159, 82, 174, 124, 9, 183, 153, 144, 193, 103, 11, 106, 83, 187, 186, 111, 169, 28, 138, 84, 25, 125, 117, 93, 160, 56, 134]
(Iter. 6544) BestSol = Solution: cost=[-3920.0], size=[100], elements=[30, 157, 51, 131, 69, 17, 167, 148, 184, 166, 7, 63, 164, 49, 72, 4, 80, 119, 81, 162, 23, 179, 154, 114, 132, 195, 67, 137, 66, 147, 155, 121, 5, 99, 54, 192, 62, 55, 45, 88, 165, 150, 26, 163, 70, 141, 94, 14, 61, 29, 116, 145, 24, 74, 156, 110, 171, 19, 18, 31, 96, 196, 182, 127, 139, 76, 199, 105, 85, 86, 89, 112, 159, 82, 174, 124, 9, 183, 153, 144, 193, 103, 11, 106, 83, 187, 186, 111, 169, 28, 138, 84, 25, 125, 117, 93, 160, 56, 134, 198]
(Iter. 6545) BestSol = Solution: cost=[-3923.0], size=[99], elements=[30, 157, 51, 131, 69, 17, 167, 148, 184, 166, 7, 63, 164, 49, 72, 4, 80, 119, 81, 162, 23, 179, 154, 114, 132, 195, 67, 137, 66, 147, 155, 121, 5, 99, 54, 192, 62, 55, 45, 88, 165, 150, 26, 163, 70, 141, 94, 14, 61, 29, 116, 145, 24, 74, 156, 110, 171, 19, 18, 31, 96, 196, 182, 127, 139, 76, 199, 105, 85, 86, 89, 112, 82, 174, 124, 9, 183, 153, 144, 193, 103, 11, 106, 83, 187, 186, 111, 169, 28, 138, 84, 25, 125, 117, 93, 160, 56, 134, 198]
(Iter. 6549) BestSol = Solution: cost=[-3927.0], size=[99], elements=[30, 157, 51, 131, 69, 17, 167, 148, 184, 166, 7, 63, 164, 49, 72, 4, 80, 119, 81, 162, 23, 179, 154, 114, 132, 195, 67, 137, 66, 147, 155, 121, 5, 99, 54, 192, 62, 55, 45, 88, 165, 150, 163, 70, 141, 94, 14, 61, 29, 116, 145, 24, 156, 110, 171, 19, 18, 31, 96, 196, 182, 127, 139, 76, 199, 105, 85, 86, 89, 112, 82, 174, 124, 9, 183, 153, 144, 193, 103, 11, 106, 83, 187, 186, 111, 169, 28, 138, 84, 25, 125, 117, 93, 160, 56, 134, 198, 53, 37]
(Iter. 6550) BestSol = Solution: cost=[-3931.0], size=[98], elements=[30, 157, 51, 131, 69, 17, 167, 148, 184, 166, 7, 63, 164, 49, 72, 4, 80, 119, 81, 162, 23, 179, 154, 114, 132, 195, 67, 137, 66, 147, 155, 121, 5, 99, 54, 192, 62, 55, 45, 88, 165, 150, 163, 70, 141, 94, 14, 61, 29, 116, 145, 24, 156, 110, 171, 19, 18, 31, 96, 196, 182, 127, 139, 76, 199, 105, 85, 86, 89, 112, 82, 174, 124, 9, 183, 153, 144, 193, 103, 11, 106, 83, 187, 111, 169, 28, 138, 84, 25, 125, 117, 93, 160, 56, 134, 198, 53, 37]
(Iter. 6551) BestSol = Solution: cost=[-3934.0], size=[99], elements=[30, 157, 51, 131, 69, 17, 167, 148, 184, 166, 7, 63, 164, 49, 72, 4, 80, 119, 81, 162, 23, 179, 154, 114, 132, 195, 67, 137, 66, 147, 155, 121, 5, 99, 54, 192, 62, 55, 45, 88, 165, 150, 163, 70, 141, 94, 14, 61, 29, 116, 145, 24, 156, 110, 171, 19, 18, 31, 96, 196, 182, 127, 139, 76, 199, 105, 85, 86, 89, 112, 82, 174, 124, 9, 183, 153, 144, 193, 103, 11, 106, 83, 187, 111, 169, 28, 138, 84, 25, 125, 117, 93, 160, 56, 134, 198, 53, 37, 38]
(Iter. 6552) BestSol = Solution: cost=[-3947.0], size=[98], elements=[30, 157, 51, 131, 69, 17, 167, 148, 184, 166, 7, 63, 164, 49, 72, 4, 80, 119, 81, 162, 23, 179, 154, 114, 132, 195, 67, 137, 66, 147, 155, 121, 5, 99, 54, 192, 62, 55, 45, 88, 165, 150, 163, 70, 141, 94, 14, 61, 29, 116, 145, 24, 156, 110, 171, 19, 18, 31, 96, 196, 127, 139, 76, 199, 105, 85, 86, 89, 112, 82, 174, 124, 9, 183, 153, 144, 193, 103, 11, 106, 83, 187, 111, 169, 28, 138, 84, 25, 125, 117, 93, 160, 56, 134, 198, 53, 37, 38]
(Iter. 6553) BestSol = Solution: cost=[-3952.0], size=[97], elements=[30, 157, 51, 131, 69, 17, 167, 148, 184, 166, 7, 63, 164, 49, 72, 4, 80, 119, 81, 162, 23, 179, 154, 114, 132, 195, 67, 137, 66, 147, 155, 121, 5, 99, 54, 192, 62, 55, 45, 88, 165, 150, 163, 70, 141, 94, 14, 61, 29, 116, 145, 24, 156, 110, 171, 19, 18, 31, 96, 196, 127, 139, 76, 199, 105, 85, 86, 89, 112, 82, 174, 124, 9, 183, 153, 144, 193, 103, 11, 106, 83, 111, 169, 28, 138, 84, 25, 125, 117, 93, 160, 56, 134, 198, 53, 37, 38]
(Iter. 6556) BestSol = Solution: cost=[-3991.0], size=[98], elements=[30, 157, 51, 131, 69, 17, 167, 148, 184, 166, 7, 63, 164, 49, 72, 4, 80, 119, 81, 162, 23, 179, 154, 114, 132, 195, 67, 137, 66, 147, 155, 121, 5, 99, 54, 192, 62, 45, 88, 165, 150, 163, 70, 141, 94, 14, 61, 29, 116, 145, 24, 156, 110, 171, 19, 18, 31, 96, 196, 127, 139, 76, 199, 105, 85, 86, 89, 112, 82, 174, 124, 9, 183, 153, 144, 193, 103, 11, 106, 83, 111, 169, 28, 138, 84, 25, 125, 117, 93, 160, 56, 134, 198, 53, 37, 38, 47, 34]
(Iter. 6557) BestSol = Solution: cost=[-4001.0], size=[97], elements=[30, 157, 51, 131, 69, 17, 167, 148, 184, 166, 7, 63, 164, 49, 72, 4, 80, 119, 81, 162, 23, 179, 154, 114, 132, 195, 67, 137, 66, 147, 155, 121, 5, 99, 54, 192, 62, 45, 88, 165, 150, 163, 70, 141, 94, 14, 61, 29, 116, 145, 24, 156, 110, 171, 19, 18, 31, 96, 196, 127, 139, 76, 199, 105, 85, 86, 89, 112, 82, 174, 124, 9, 183, 153, 144, 193, 103, 11, 106, 83, 111, 169, 28, 138, 84, 25, 125, 117, 93, 160, 56, 134, 198, 53, 37, 38, 34]
(Iter. 6558) BestSol = Solution: cost=[-4003.0], size=[98], elements=[30, 157, 51, 131, 69, 17, 167, 148, 184, 166, 7, 63, 164, 49, 72, 4, 80, 119, 81, 162, 23, 179, 154, 114, 132, 195, 67, 137, 66, 147, 155, 121, 5, 99, 54, 192, 62, 45, 88, 165, 150, 163, 70, 141, 94, 14, 61, 29, 116, 145, 24, 156, 110, 171, 19, 18, 31, 96, 196, 127, 139, 76, 199, 105, 85, 86, 89, 112, 82, 174, 124, 9, 183, 153, 144, 193, 103, 11, 106, 83, 111, 169, 28, 138, 84, 25, 125, 117, 93, 160, 56, 134, 198, 53, 37, 38, 34, 187]
maxVal = Solution: cost=[-4003.0], size=[98], elements=[30, 157, 51, 131, 69, 17, 167, 148, 184, 166, 7, 63, 164, 49, 72, 4, 80, 119, 81, 162, 23, 179, 154, 114, 132, 195, 67, 137, 66, 147, 155, 121, 5, 99, 54, 192, 62, 45, 88, 165, 150, 163, 70, 141, 94, 14, 61, 29, 116, 145, 24, 156, 110, 171, 19, 18, 31, 96, 196, 127, 139, 76, 199, 105, 85, 86, 89, 112, 82, 174, 124, 9, 183, 153, 144, 193, 103, 11, 106, 83, 111, 169, 28, 138, 84, 25, 125, 117, 93, 160, 56, 134, 198, 53, 37, 38, 34, 187]
Time = 1800.157 seg
