(Iter. 2) BestSol = Solution: cost=[-457.0], size=[28], elements=[3, 28, 17, 16, 11, 34, 40, 49, 26, 38, 44, 42, 21, 51, 56, 4, 55, 30, 12, 41, 24, 53, 35, 29, 59, 14, 46, 45]
(Iter. 3) BestSol = Solution: cost=[-470.0], size=[27], elements=[3, 28, 17, 16, 11, 34, 40, 49, 26, 38, 44, 42, 21, 51, 56, 4, 55, 30, 12, 41, 24, 53, 35, 29, 59, 14, 46]
(Iter. 103) BestSol = Solution: cost=[-480.0], size=[27], elements=[3, 28, 17, 16, 11, 34, 49, 26, 38, 44, 42, 21, 51, 56, 4, 55, 30, 41, 24, 53, 35, 29, 59, 14, 46, 23, 22]
(Iter. 104) BestSol = Solution: cost=[-490.0], size=[28], elements=[3, 28, 17, 16, 11, 34, 49, 26, 38, 44, 42, 21, 51, 56, 4, 55, 30, 41, 24, 53, 35, 29, 59, 14, 46, 23, 22, 45]
(Iter. 189) BestSol = Solution: cost=[-501.0], size=[26], elements=[44, 56, 4, 27, 54, 35, 55, 26, 30, 41, 29, 16, 33, 19, 3, 49, 24, 38, 14, 17, 42, 59, 13, 45, 51, 2]
(Iter. 190) BestSol = Solution: cost=[-503.0], size=[27], elements=[44, 56, 4, 27, 54, 35, 55, 26, 30, 41, 29, 16, 33, 19, 3, 49, 24, 38, 14, 17, 42, 59, 13, 45, 51, 2, 11]
(Iter. 301) BestSol = Solution: cost=[-515.0], size=[27], elements=[44, 56, 4, 27, 54, 35, 55, 26, 30, 41, 29, 16, 33, 19, 3, 49, 24, 38, 14, 17, 42, 59, 45, 51, 2, 11, 32]
(Iter. 403) BestSol = Solution: cost=[-519.0], size=[26], elements=[44, 56, 4, 27, 54, 35, 55, 26, 30, 41, 29, 16, 33, 19, 3, 49, 24, 38, 14, 17, 42, 59, 51, 2, 32, 29]
maxVal = Solution: cost=[-519.0], size=[26], elements=[44, 56, 4, 27, 54, 35, 55, 26, 30, 41, 29, 16, 33, 19, 3, 49, 24, 38, 14, 17, 42, 59, 51, 2, 32, 29]
Time = 617.556 seg
