(Iter. 2) BestSol = Solution: cost=[-628.0], size=[35], elements=[64, 41, 25, 0, 59, 47, 77, 48, 23, 16, 28, 65, 31, 15, 20, 38, 43, 8, 53, 3, 50, 14, 68, 13, 21, 37, 22, 60, 24, 18, 42, 51, 30, 19, 52]
(Iter. 3) BestSol = Solution: cost=[-630.0], size=[35], elements=[64, 41, 25, 59, 47, 77, 48, 23, 16, 28, 65, 31, 15, 20, 38, 43, 8, 53, 3, 50, 14, 68, 13, 21, 37, 22, 60, 24, 18, 42, 51, 30, 19, 52, 46]
(Iter. 4) BestSol = Solution: cost=[-631.0], size=[36], elements=[64, 41, 25, 59, 47, 77, 48, 23, 16, 28, 65, 31, 15, 20, 38, 43, 8, 53, 3, 50, 14, 68, 13, 21, 37, 22, 60, 24, 18, 42, 51, 30, 19, 52, 46, 58]
(Iter. 54) BestSol = Solution: cost=[-632.0], size=[35], elements=[48, 65, 31, 43, 13, 37, 24, 18, 42, 58, 5, 1, 10, 12, 29, 9, 35, 2, 44, 34, 54, 57, 11, 61, 62, 63, 71, 70, 74, 78, 3, 27, 4, 55, 8]
(Iter. 55) BestSol = Solution: cost=[-660.0], size=[35], elements=[48, 65, 31, 43, 13, 37, 24, 18, 42, 58, 5, 1, 10, 12, 29, 9, 35, 2, 44, 34, 54, 57, 11, 61, 62, 63, 71, 70, 78, 3, 27, 4, 55, 8, 60]
(Iter. 56) BestSol = Solution: cost=[-677.0], size=[34], elements=[48, 65, 31, 43, 13, 37, 24, 18, 42, 58, 5, 1, 10, 12, 29, 9, 35, 2, 44, 34, 54, 57, 11, 61, 62, 71, 70, 78, 3, 27, 4, 55, 8, 60]
(Iter. 57) BestSol = Solution: cost=[-685.0], size=[34], elements=[48, 65, 31, 43, 13, 37, 24, 18, 42, 58, 5, 1, 10, 12, 29, 9, 35, 2, 44, 54, 57, 11, 61, 62, 71, 70, 78, 3, 27, 4, 55, 8, 60, 72]
(Iter. 58) BestSol = Solution: cost=[-734.0], size=[34], elements=[48, 65, 31, 43, 13, 37, 24, 18, 42, 5, 1, 10, 12, 29, 9, 35, 2, 44, 54, 57, 11, 61, 62, 71, 70, 78, 3, 27, 4, 55, 8, 60, 72, 73]
(Iter. 59) BestSol = Solution: cost=[-749.0], size=[35], elements=[48, 65, 31, 43, 13, 37, 24, 18, 42, 5, 1, 10, 12, 29, 9, 35, 2, 44, 54, 57, 11, 61, 62, 71, 70, 78, 3, 27, 4, 55, 8, 60, 72, 73, 51]
(Iter. 106) BestSol = Solution: cost=[-761.0], size=[38], elements=[48, 65, 31, 43, 13, 37, 24, 18, 42, 5, 1, 10, 12, 29, 9, 2, 44, 54, 57, 11, 61, 62, 71, 70, 3, 27, 4, 55, 60, 72, 73, 51, 18, 37, 58, 46, 19, 22]
(Iter. 107) BestSol = Solution: cost=[-778.0], size=[38], elements=[48, 65, 31, 43, 13, 37, 24, 18, 42, 5, 1, 12, 29, 9, 2, 44, 54, 57, 11, 61, 62, 71, 70, 3, 27, 4, 55, 60, 72, 73, 51, 18, 37, 58, 46, 19, 22, 8]
(Iter. 108) BestSol = Solution: cost=[-790.0], size=[37], elements=[48, 65, 31, 43, 13, 37, 24, 18, 42, 5, 1, 12, 29, 9, 2, 44, 54, 57, 11, 62, 71, 70, 3, 27, 4, 55, 60, 72, 73, 51, 18, 37, 58, 46, 19, 22, 8]
(Iter. 2306) BestSol = Solution: cost=[-793.0], size=[36], elements=[48, 31, 43, 13, 37, 24, 18, 42, 5, 1, 12, 29, 9, 2, 44, 54, 57, 62, 71, 70, 3, 27, 4, 60, 73, 51, 18, 37, 58, 46, 19, 22, 2, 13, 69, 75]
(Iter. 2307) BestSol = Solution: cost=[-821.0], size=[37], elements=[48, 31, 43, 13, 37, 24, 18, 42, 5, 1, 12, 29, 9, 2, 44, 54, 57, 62, 71, 70, 3, 27, 4, 60, 73, 51, 18, 37, 58, 46, 19, 22, 2, 13, 69, 75, 64]
(Iter. 106314) BestSol = Solution: cost=[-824.0], size=[39], elements=[48, 31, 43, 13, 37, 24, 18, 42, 1, 9, 2, 44, 54, 62, 71, 70, 3, 4, 60, 73, 18, 37, 58, 46, 19, 22, 2, 13, 69, 75, 64, 74, 7, 61, 36, 76, 49, 23, 51]
(Iter. 106315) BestSol = Solution: cost=[-832.0], size=[40], elements=[48, 31, 43, 13, 37, 24, 18, 42, 1, 9, 2, 44, 54, 62, 71, 70, 3, 4, 60, 73, 18, 37, 58, 46, 19, 22, 2, 13, 69, 75, 64, 74, 7, 61, 36, 76, 49, 23, 51, 55]
(Iter. 106316) BestSol = Solution: cost=[-843.0], size=[41], elements=[48, 31, 43, 13, 37, 24, 18, 42, 1, 9, 2, 44, 54, 62, 71, 70, 3, 4, 60, 73, 18, 37, 58, 46, 19, 22, 2, 13, 69, 75, 64, 74, 7, 61, 36, 76, 49, 23, 51, 55, 8]
(Iter. 652197) BestSol = Solution: cost=[-849.0], size=[39], elements=[31, 24, 18, 2, 71, 3, 73, 18, 37, 2, 13, 37, 48, 51, 47, 52, 54, 50, 1, 49, 44, 55, 8, 61, 7, 21, 62, 22, 76, 69, 60, 43, 4, 75, 19, 46, 42, 64, 74]
(Iter. 674705) BestSol = Solution: cost=[-851.0], size=[40], elements=[31, 24, 18, 2, 71, 3, 73, 18, 37, 2, 13, 37, 48, 51, 47, 52, 54, 50, 1, 49, 44, 55, 8, 61, 7, 21, 62, 22, 76, 60, 43, 4, 75, 19, 46, 42, 74, 4, 58, 64]
maxVal = Solution: cost=[-851.0], size=[40], elements=[31, 24, 18, 2, 71, 3, 73, 18, 37, 2, 13, 37, 48, 51, 47, 52, 54, 50, 1, 49, 44, 55, 8, 61, 7, 21, 62, 22, 76, 60, 43, 4, 75, 19, 46, 42, 74, 4, 58, 64]
Time = 1800.05 seg
