(Iter. 2) BestSol = Solution: cost=[-1040.0], size=[42], elements=[84, 61, 2, 9, 97, 51, 85, 79, 12, 45, 70, 48, 23, 4, 68, 67, 16, 72, 15, 5, 44, 10, 92, 58, 63, 20, 73, 17, 59, 13, 56, 26, 94, 43, 22, 62, 29, 90, 91, 55, 38, 57]
(Iter. 3) BestSol = Solution: cost=[-1056.0], size=[42], elements=[84, 61, 2, 9, 97, 51, 85, 79, 12, 45, 70, 48, 23, 4, 68, 67, 16, 72, 15, 5, 44, 10, 92, 58, 63, 20, 73, 17, 59, 13, 56, 26, 94, 43, 22, 62, 29, 91, 55, 38, 57, 49]
(Iter. 4) BestSol = Solution: cost=[-1060.0], size=[42], elements=[84, 61, 2, 9, 97, 51, 85, 79, 12, 45, 70, 48, 23, 4, 68, 67, 16, 72, 15, 5, 44, 10, 92, 58, 63, 20, 73, 17, 59, 13, 56, 94, 43, 22, 62, 29, 91, 55, 38, 57, 49, 21]
(Iter. 5) BestSol = Solution: cost=[-1067.0], size=[43], elements=[84, 61, 2, 9, 97, 51, 85, 79, 12, 45, 70, 48, 23, 4, 68, 67, 16, 72, 15, 5, 44, 10, 92, 58, 63, 20, 73, 17, 59, 13, 56, 94, 43, 22, 62, 29, 91, 55, 38, 57, 49, 21, 33]
(Iter. 6) BestSol = Solution: cost=[-1068.0], size=[44], elements=[84, 61, 2, 9, 97, 51, 85, 79, 12, 45, 70, 48, 23, 4, 68, 67, 16, 72, 15, 5, 44, 10, 92, 58, 63, 20, 73, 17, 59, 13, 56, 94, 43, 22, 62, 29, 91, 55, 38, 57, 49, 21, 33, 71]
(Iter. 7) BestSol = Solution: cost=[-1071.0], size=[45], elements=[84, 61, 2, 9, 97, 51, 85, 79, 12, 45, 70, 48, 23, 4, 68, 67, 16, 72, 15, 5, 44, 10, 92, 58, 63, 20, 73, 17, 59, 13, 56, 94, 43, 22, 62, 29, 91, 55, 38, 57, 49, 21, 33, 71, 81]
(Iter. 8) BestSol = Solution: cost=[-1076.0], size=[46], elements=[84, 61, 2, 9, 97, 51, 85, 79, 12, 45, 70, 48, 23, 4, 68, 67, 16, 72, 15, 5, 44, 10, 92, 58, 63, 20, 73, 17, 59, 13, 56, 94, 43, 22, 62, 29, 91, 55, 38, 57, 49, 21, 33, 71, 81, 18]
(Iter. 308) BestSol = Solution: cost=[-1093.0], size=[44], elements=[84, 61, 2, 9, 51, 85, 79, 45, 70, 48, 23, 68, 67, 16, 72, 15, 5, 44, 10, 92, 63, 20, 73, 17, 13, 56, 94, 22, 62, 29, 91, 55, 38, 57, 49, 21, 33, 71, 81, 18, 38, 80, 14, 74]
(Iter. 309) BestSol = Solution: cost=[-1108.0], size=[45], elements=[84, 61, 2, 9, 51, 85, 79, 45, 70, 48, 23, 68, 67, 16, 72, 15, 5, 44, 10, 92, 63, 20, 73, 17, 13, 56, 94, 22, 62, 29, 91, 55, 38, 57, 49, 21, 33, 71, 81, 18, 38, 80, 14, 74, 86]
(Iter. 310) BestSol = Solution: cost=[-1122.0], size=[45], elements=[84, 61, 2, 9, 51, 85, 79, 45, 70, 48, 23, 68, 67, 16, 72, 15, 5, 44, 10, 92, 63, 20, 73, 17, 13, 56, 94, 22, 62, 29, 91, 55, 38, 57, 49, 21, 33, 71, 81, 18, 38, 14, 74, 86, 78]
(Iter. 311) BestSol = Solution: cost=[-1134.0], size=[46], elements=[84, 61, 2, 9, 51, 85, 79, 45, 70, 48, 23, 68, 67, 16, 72, 15, 5, 44, 10, 92, 63, 20, 73, 17, 13, 56, 94, 22, 62, 29, 91, 55, 38, 57, 49, 21, 33, 71, 81, 18, 38, 14, 74, 86, 78, 96]
(Iter. 312) BestSol = Solution: cost=[-1141.0], size=[46], elements=[84, 61, 2, 9, 51, 85, 79, 45, 48, 23, 68, 67, 16, 72, 15, 5, 44, 10, 92, 63, 20, 73, 17, 13, 56, 94, 22, 62, 29, 91, 55, 38, 57, 49, 21, 33, 71, 81, 18, 38, 14, 74, 86, 78, 96, 3]
(Iter. 313) BestSol = Solution: cost=[-1192.0], size=[47], elements=[84, 61, 2, 9, 51, 85, 79, 45, 48, 23, 68, 67, 16, 72, 15, 5, 44, 10, 92, 63, 20, 73, 17, 13, 56, 94, 22, 62, 29, 91, 55, 38, 57, 49, 21, 33, 71, 81, 18, 38, 14, 74, 86, 78, 96, 3, 69]
(Iter. 405) BestSol = Solution: cost=[-1194.0], size=[48], elements=[84, 61, 2, 9, 51, 85, 79, 45, 23, 68, 67, 16, 15, 5, 44, 10, 92, 63, 20, 73, 17, 13, 56, 94, 22, 62, 29, 91, 55, 38, 57, 49, 21, 33, 71, 81, 18, 38, 14, 74, 86, 78, 3, 69, 85, 45, 7, 72]
(Iter. 406) BestSol = Solution: cost=[-1196.0], size=[49], elements=[84, 61, 2, 9, 51, 85, 79, 45, 23, 68, 67, 16, 15, 5, 44, 10, 92, 63, 20, 73, 17, 13, 56, 94, 22, 62, 29, 91, 55, 38, 57, 49, 21, 33, 71, 81, 18, 38, 14, 74, 86, 78, 3, 69, 85, 45, 7, 72, 19]
(Iter. 1405) BestSol = Solution: cost=[-1198.0], size=[50], elements=[84, 61, 2, 9, 51, 85, 79, 45, 23, 68, 67, 16, 15, 5, 44, 10, 92, 63, 20, 73, 17, 56, 94, 22, 62, 29, 91, 55, 38, 57, 21, 33, 71, 81, 18, 38, 14, 74, 86, 78, 3, 69, 85, 45, 7, 72, 19, 28, 42, 50]
(Iter. 1406) BestSol = Solution: cost=[-1207.0], size=[50], elements=[84, 61, 2, 9, 51, 85, 79, 45, 23, 68, 67, 16, 15, 5, 44, 10, 92, 63, 20, 73, 17, 56, 94, 22, 62, 29, 91, 55, 38, 57, 21, 33, 71, 81, 18, 38, 14, 74, 86, 78, 69, 85, 45, 7, 72, 19, 28, 42, 50, 25]
(Iter. 8405) BestSol = Solution: cost=[-1229.0], size=[49], elements=[84, 61, 2, 9, 51, 85, 79, 45, 23, 68, 67, 16, 44, 10, 92, 63, 20, 73, 17, 56, 94, 22, 62, 29, 91, 55, 38, 57, 33, 71, 18, 38, 14, 74, 86, 78, 69, 85, 45, 7, 72, 19, 28, 42, 50, 25, 74, 96, 90]
(Iter. 8406) BestSol = Solution: cost=[-1243.0], size=[50], elements=[84, 61, 2, 9, 51, 85, 79, 45, 23, 68, 67, 16, 44, 10, 92, 63, 20, 73, 17, 56, 94, 22, 62, 29, 91, 55, 38, 57, 33, 71, 18, 38, 14, 74, 86, 78, 69, 85, 45, 7, 72, 19, 28, 42, 50, 25, 74, 96, 90, 15]
(Iter. 8407) BestSol = Solution: cost=[-1247.0], size=[51], elements=[84, 61, 2, 9, 51, 85, 79, 45, 23, 68, 67, 16, 44, 10, 92, 63, 20, 73, 17, 56, 94, 22, 62, 29, 91, 55, 38, 57, 33, 71, 18, 38, 14, 74, 86, 78, 69, 85, 45, 7, 72, 19, 28, 42, 50, 25, 74, 96, 90, 15, 5]
(Iter. 9105) BestSol = Solution: cost=[-1263.0], size=[51], elements=[84, 61, 2, 9, 51, 85, 79, 45, 23, 68, 67, 16, 44, 10, 92, 63, 20, 73, 17, 56, 94, 22, 62, 29, 91, 38, 57, 33, 71, 18, 38, 14, 74, 86, 78, 69, 85, 45, 7, 72, 19, 28, 42, 50, 25, 74, 96, 90, 85, 34, 64]
maxVal = Solution: cost=[-1263.0], size=[51], elements=[84, 61, 2, 9, 51, 85, 79, 45, 23, 68, 67, 16, 44, 10, 92, 63, 20, 73, 17, 56, 94, 22, 62, 29, 91, 38, 57, 33, 71, 18, 38, 14, 74, 86, 78, 69, 85, 45, 7, 72, 19, 28, 42, 50, 25, 74, 96, 90, 85, 34, 64]
Time = 1800.08 seg
