(Iter. 2) BestSol = Solution: cost=[-3547.0], size=[90], elements=[4, 103, 5, 6, 125, 19, 166, 30, 169, 148, 63, 164, 72, 74, 62, 176, 108, 46, 167, 51, 129, 23, 184, 55, 21, 120, 155, 131, 137, 145, 58, 66, 136, 77, 92, 119, 28, 89, 199, 139, 95, 88, 102, 153, 49, 93, 117, 7, 52, 162, 25, 54, 80, 157, 147, 110, 45, 56, 87, 141, 32, 114, 34, 11, 67, 107, 193, 94, 70, 161, 183, 41, 172, 99, 13, 121, 111, 81, 132, 171, 156, 38, 173, 79, 154, 105, 195, 37, 68, 73]
(Iter. 3) BestSol = Solution: cost=[-3590.0], size=[90], elements=[4, 103, 5, 6, 125, 19, 166, 30, 169, 148, 63, 164, 72, 74, 62, 176, 108, 46, 167, 51, 129, 23, 184, 55, 21, 120, 155, 131, 137, 145, 58, 66, 136, 77, 92, 119, 28, 89, 199, 139, 95, 88, 102, 153, 49, 93, 117, 7, 52, 162, 25, 54, 80, 157, 147, 110, 45, 56, 87, 141, 32, 114, 34, 11, 67, 107, 193, 94, 70, 161, 183, 41, 172, 99, 13, 121, 111, 81, 132, 171, 156, 38, 173, 79, 154, 105, 195, 37, 68, 174]
(Iter. 4) BestSol = Solution: cost=[-3594.0], size=[89], elements=[4, 103, 5, 6, 125, 19, 166, 30, 169, 148, 63, 164, 72, 74, 62, 176, 108, 46, 167, 51, 129, 23, 184, 55, 21, 120, 155, 131, 137, 145, 58, 66, 136, 77, 92, 119, 28, 89, 199, 139, 95, 88, 102, 153, 49, 93, 117, 7, 52, 162, 25, 54, 80, 157, 147, 110, 45, 56, 87, 141, 32, 114, 34, 11, 67, 107, 193, 94, 70, 161, 183, 41, 172, 99, 13, 121, 111, 81, 132, 171, 156, 38, 173, 79, 154, 105, 195, 37, 174]
(Iter. 5) BestSol = Solution: cost=[-3606.0], size=[88], elements=[4, 103, 5, 6, 125, 19, 166, 30, 169, 148, 63, 164, 72, 74, 62, 176, 108, 46, 167, 51, 129, 23, 184, 55, 21, 120, 155, 131, 137, 145, 58, 66, 136, 77, 92, 119, 28, 89, 199, 139, 95, 88, 102, 153, 49, 93, 117, 7, 52, 162, 25, 54, 80, 157, 147, 110, 45, 56, 87, 141, 32, 114, 34, 11, 67, 107, 193, 94, 70, 161, 183, 41, 172, 99, 121, 111, 81, 132, 171, 156, 38, 173, 79, 154, 105, 195, 37, 174]
(Iter. 7) BestSol = Solution: cost=[-3629.0], size=[88], elements=[4, 103, 5, 125, 19, 166, 30, 169, 148, 63, 164, 72, 74, 62, 176, 108, 46, 167, 51, 129, 23, 184, 55, 21, 120, 155, 131, 137, 145, 58, 66, 136, 77, 92, 119, 28, 89, 199, 139, 95, 88, 102, 153, 49, 93, 117, 7, 52, 162, 25, 54, 80, 157, 147, 110, 45, 56, 87, 141, 32, 114, 34, 11, 67, 107, 193, 94, 70, 161, 183, 41, 172, 99, 121, 111, 81, 132, 171, 156, 38, 173, 79, 154, 105, 195, 37, 174, 18]
(Iter. 8) BestSol = Solution: cost=[-3635.0], size=[89], elements=[4, 103, 5, 125, 19, 166, 30, 169, 148, 63, 164, 72, 74, 62, 176, 108, 46, 167, 51, 129, 23, 184, 55, 21, 120, 155, 131, 137, 145, 58, 66, 136, 77, 92, 119, 28, 89, 199, 139, 95, 88, 102, 153, 49, 93, 117, 7, 52, 162, 25, 54, 80, 157, 147, 110, 45, 56, 87, 141, 32, 114, 34, 11, 67, 107, 193, 94, 70, 161, 183, 41, 172, 99, 121, 111, 81, 132, 171, 156, 38, 173, 79, 154, 105, 195, 37, 174, 18, 181]
(Iter. 9) BestSol = Solution: cost=[-3645.0], size=[89], elements=[4, 103, 5, 125, 19, 166, 30, 169, 148, 63, 164, 72, 74, 62, 176, 108, 46, 167, 51, 129, 23, 184, 55, 21, 155, 131, 137, 145, 58, 66, 136, 77, 92, 119, 28, 89, 199, 139, 95, 88, 102, 153, 49, 93, 117, 7, 52, 162, 25, 54, 80, 157, 147, 110, 45, 56, 87, 141, 32, 114, 34, 11, 67, 107, 193, 94, 70, 161, 183, 41, 172, 99, 121, 111, 81, 132, 171, 156, 38, 173, 79, 154, 105, 195, 37, 174, 18, 181, 9]
(Iter. 10) BestSol = Solution: cost=[-3665.0], size=[90], elements=[4, 103, 5, 125, 19, 166, 30, 169, 148, 63, 164, 72, 74, 62, 176, 108, 46, 167, 51, 129, 23, 184, 55, 21, 155, 131, 137, 145, 58, 66, 136, 77, 92, 119, 28, 89, 199, 139, 95, 88, 102, 153, 49, 93, 117, 7, 52, 162, 25, 54, 80, 157, 147, 110, 45, 56, 87, 141, 32, 114, 34, 11, 67, 107, 193, 94, 70, 161, 183, 41, 172, 99, 121, 111, 81, 132, 171, 156, 38, 173, 79, 154, 105, 195, 37, 174, 18, 181, 9, 40]
(Iter. 11) BestSol = Solution: cost=[-3684.0], size=[91], elements=[4, 103, 5, 125, 19, 166, 30, 169, 148, 63, 164, 72, 74, 62, 176, 108, 46, 167, 51, 129, 23, 184, 55, 21, 155, 131, 137, 145, 58, 66, 136, 77, 92, 119, 28, 89, 199, 139, 95, 88, 102, 153, 49, 93, 117, 7, 52, 162, 25, 54, 80, 157, 147, 110, 45, 56, 87, 141, 32, 114, 34, 11, 67, 107, 193, 94, 70, 161, 183, 41, 172, 99, 121, 111, 81, 132, 171, 156, 38, 173, 79, 154, 105, 195, 37, 174, 18, 181, 9, 40, 160]
(Iter. 12) BestSol = Solution: cost=[-3693.0], size=[91], elements=[4, 103, 5, 125, 19, 166, 30, 169, 148, 63, 164, 72, 74, 62, 176, 108, 46, 167, 51, 129, 23, 184, 55, 21, 155, 131, 137, 145, 58, 66, 136, 77, 92, 119, 28, 89, 199, 139, 95, 88, 102, 153, 49, 93, 117, 7, 52, 162, 25, 54, 80, 157, 147, 110, 45, 56, 87, 141, 32, 114, 34, 11, 107, 193, 94, 70, 161, 183, 41, 172, 99, 121, 111, 81, 132, 171, 156, 38, 173, 79, 154, 105, 195, 37, 174, 18, 181, 9, 40, 160, 91]
(Iter. 13) BestSol = Solution: cost=[-3699.0], size=[91], elements=[4, 103, 5, 125, 19, 166, 30, 169, 148, 63, 164, 72, 74, 62, 176, 108, 46, 167, 51, 129, 23, 184, 55, 21, 155, 131, 137, 145, 58, 66, 136, 77, 92, 119, 28, 89, 199, 139, 95, 88, 102, 153, 49, 93, 117, 7, 52, 162, 25, 54, 80, 157, 147, 110, 45, 56, 87, 141, 32, 114, 34, 11, 193, 94, 70, 161, 183, 41, 172, 99, 121, 111, 81, 132, 171, 156, 38, 173, 79, 154, 105, 195, 37, 174, 18, 181, 9, 40, 160, 91, 68]
(Iter. 1503) BestSol = Solution: cost=[-3736.0], size=[92], elements=[4, 103, 5, 125, 19, 166, 30, 169, 148, 63, 164, 72, 62, 176, 108, 46, 167, 51, 129, 23, 184, 55, 21, 155, 131, 137, 145, 58, 66, 136, 77, 92, 119, 28, 89, 199, 139, 95, 88, 102, 153, 49, 93, 117, 7, 52, 162, 25, 54, 80, 157, 147, 110, 45, 56, 87, 141, 32, 114, 34, 11, 193, 94, 70, 161, 183, 41, 172, 99, 121, 111, 81, 132, 171, 156, 38, 173, 79, 154, 105, 195, 37, 174, 18, 181, 9, 40, 160, 91, 68, 145, 158]
(Iter. 1802) BestSol = Solution: cost=[-3739.0], size=[94], elements=[4, 103, 5, 125, 19, 166, 30, 169, 148, 63, 164, 72, 62, 176, 108, 46, 167, 51, 129, 23, 184, 55, 21, 155, 131, 137, 145, 58, 66, 136, 77, 92, 119, 28, 89, 199, 139, 95, 88, 102, 153, 49, 93, 117, 7, 52, 162, 25, 54, 80, 157, 147, 110, 45, 56, 87, 141, 32, 114, 34, 11, 193, 94, 70, 161, 183, 41, 172, 99, 121, 111, 81, 132, 171, 156, 38, 173, 79, 154, 105, 195, 37, 174, 18, 181, 9, 40, 160, 91, 68, 145, 158, 185, 138]
(Iter. 1803) BestSol = Solution: cost=[-3749.0], size=[95], elements=[4, 103, 5, 125, 19, 166, 30, 169, 148, 63, 164, 72, 62, 176, 108, 46, 167, 51, 129, 23, 184, 55, 21, 155, 131, 137, 145, 58, 66, 136, 77, 92, 119, 28, 89, 199, 139, 95, 88, 102, 153, 49, 93, 117, 7, 52, 162, 25, 54, 80, 157, 147, 110, 45, 56, 87, 141, 32, 114, 34, 11, 193, 94, 70, 161, 183, 41, 172, 99, 121, 111, 81, 132, 171, 156, 38, 173, 79, 154, 105, 195, 37, 174, 18, 181, 9, 40, 160, 91, 68, 145, 158, 185, 138, 140]
(Iter. 4704) BestSol = Solution: cost=[-3751.0], size=[97], elements=[4, 103, 5, 19, 166, 30, 169, 148, 63, 164, 72, 62, 176, 108, 46, 167, 51, 129, 23, 184, 55, 21, 155, 131, 137, 145, 58, 66, 136, 77, 92, 119, 28, 89, 199, 139, 95, 88, 102, 153, 49, 93, 117, 7, 52, 162, 25, 54, 80, 157, 147, 110, 45, 56, 87, 141, 32, 114, 34, 11, 193, 94, 70, 161, 183, 41, 172, 99, 121, 111, 81, 132, 171, 156, 38, 173, 79, 154, 105, 195, 37, 174, 18, 181, 9, 40, 160, 91, 68, 145, 158, 185, 138, 140, 147, 6, 73]
(Iter. 5204) BestSol = Solution: cost=[-3800.0], size=[95], elements=[4, 103, 5, 19, 166, 30, 169, 148, 63, 164, 72, 62, 176, 108, 46, 167, 51, 129, 23, 184, 21, 155, 131, 137, 145, 58, 66, 136, 77, 92, 119, 28, 89, 199, 139, 95, 88, 102, 153, 49, 93, 117, 7, 52, 162, 25, 54, 80, 157, 147, 110, 45, 56, 87, 141, 32, 114, 34, 11, 193, 94, 70, 161, 183, 172, 99, 121, 111, 81, 132, 171, 156, 38, 173, 79, 154, 105, 195, 37, 174, 18, 181, 9, 40, 160, 91, 68, 145, 158, 185, 140, 147, 6, 73, 85]
(Iter. 5205) BestSol = Solution: cost=[-3820.0], size=[95], elements=[4, 103, 5, 19, 166, 30, 169, 148, 63, 164, 72, 62, 176, 108, 46, 167, 51, 129, 23, 184, 21, 155, 131, 137, 145, 58, 66, 136, 77, 92, 119, 28, 89, 199, 139, 95, 88, 102, 153, 49, 93, 117, 7, 52, 162, 25, 54, 80, 157, 147, 110, 45, 56, 87, 141, 32, 114, 34, 11, 193, 94, 70, 161, 172, 99, 121, 111, 81, 132, 171, 156, 38, 173, 79, 154, 105, 195, 37, 174, 18, 181, 9, 40, 160, 91, 68, 145, 158, 185, 140, 147, 6, 73, 85, 138]
(Iter. 5206) BestSol = Solution: cost=[-3829.0], size=[96], elements=[4, 103, 5, 19, 166, 30, 169, 148, 63, 164, 72, 62, 176, 108, 46, 167, 51, 129, 23, 184, 21, 155, 131, 137, 145, 58, 66, 136, 77, 92, 119, 28, 89, 199, 139, 95, 88, 102, 153, 49, 93, 117, 7, 52, 162, 25, 54, 80, 157, 147, 110, 45, 56, 87, 141, 32, 114, 34, 11, 193, 94, 70, 161, 172, 99, 121, 111, 81, 132, 171, 156, 38, 173, 79, 154, 105, 195, 37, 174, 18, 181, 9, 40, 160, 91, 68, 145, 158, 185, 140, 147, 6, 73, 85, 138, 12]
(Iter. 5207) BestSol = Solution: cost=[-3836.0], size=[97], elements=[4, 103, 5, 19, 166, 30, 169, 148, 63, 164, 72, 62, 176, 108, 46, 167, 51, 129, 23, 184, 21, 155, 131, 137, 145, 58, 66, 136, 77, 92, 119, 28, 89, 199, 139, 95, 88, 102, 153, 49, 93, 117, 7, 52, 162, 25, 54, 80, 157, 147, 110, 45, 56, 87, 141, 32, 114, 34, 11, 193, 94, 70, 161, 172, 99, 121, 111, 81, 132, 171, 156, 38, 173, 79, 154, 105, 195, 37, 174, 18, 181, 9, 40, 160, 91, 68, 145, 158, 185, 140, 147, 6, 73, 85, 138, 12, 41]
maxVal = Solution: cost=[-3836.0], size=[97], elements=[4, 103, 5, 19, 166, 30, 169, 148, 63, 164, 72, 62, 176, 108, 46, 167, 51, 129, 23, 184, 21, 155, 131, 137, 145, 58, 66, 136, 77, 92, 119, 28, 89, 199, 139, 95, 88, 102, 153, 49, 93, 117, 7, 52, 162, 25, 54, 80, 157, 147, 110, 45, 56, 87, 141, 32, 114, 34, 11, 193, 94, 70, 161, 172, 99, 121, 111, 81, 132, 171, 156, 38, 173, 79, 154, 105, 195, 37, 174, 18, 181, 9, 40, 160, 91, 68, 145, 158, 185, 140, 147, 6, 73, 85, 138, 12, 41]
Time = 1800.211 seg
