(Iter. 2) BestSol = Solution: cost=[-628.0], size=[35], elements=[64, 41, 25, 0, 59, 47, 77, 48, 23, 16, 28, 65, 31, 15, 20, 38, 43, 8, 53, 3, 50, 14, 68, 13, 21, 37, 22, 60, 24, 18, 42, 51, 30, 19, 52]
(Iter. 3) BestSol = Solution: cost=[-630.0], size=[35], elements=[64, 41, 25, 59, 47, 77, 48, 23, 16, 28, 65, 31, 15, 20, 38, 43, 8, 53, 3, 50, 14, 68, 13, 21, 37, 22, 60, 24, 18, 42, 51, 30, 19, 52, 46]
(Iter. 4) BestSol = Solution: cost=[-631.0], size=[36], elements=[64, 41, 25, 59, 47, 77, 48, 23, 16, 28, 65, 31, 15, 20, 38, 43, 8, 53, 3, 50, 14, 68, 13, 21, 37, 22, 60, 24, 18, 42, 51, 30, 19, 52, 46, 58]
(Iter. 54) BestSol = Solution: cost=[-632.0], size=[35], elements=[48, 65, 31, 43, 13, 37, 24, 18, 42, 58, 5, 1, 10, 12, 29, 9, 35, 2, 44, 34, 54, 57, 11, 61, 62, 63, 71, 70, 74, 78, 3, 27, 4, 55, 8]
(Iter. 55) BestSol = Solution: cost=[-660.0], size=[35], elements=[48, 65, 31, 43, 13, 37, 24, 18, 42, 58, 5, 1, 10, 12, 29, 9, 35, 2, 44, 34, 54, 57, 11, 61, 62, 63, 71, 70, 78, 3, 27, 4, 55, 8, 60]
(Iter. 56) BestSol = Solution: cost=[-677.0], size=[34], elements=[48, 65, 31, 43, 13, 37, 24, 18, 42, 58, 5, 1, 10, 12, 29, 9, 35, 2, 44, 34, 54, 57, 11, 61, 62, 71, 70, 78, 3, 27, 4, 55, 8, 60]
(Iter. 57) BestSol = Solution: cost=[-685.0], size=[34], elements=[48, 65, 31, 43, 13, 37, 24, 18, 42, 58, 5, 1, 10, 12, 29, 9, 35, 2, 44, 54, 57, 11, 61, 62, 71, 70, 78, 3, 27, 4, 55, 8, 60, 72]
(Iter. 58) BestSol = Solution: cost=[-734.0], size=[34], elements=[48, 65, 31, 43, 13, 37, 24, 18, 42, 5, 1, 10, 12, 29, 9, 35, 2, 44, 54, 57, 11, 61, 62, 71, 70, 78, 3, 27, 4, 55, 8, 60, 72, 73]
(Iter. 59) BestSol = Solution: cost=[-749.0], size=[35], elements=[48, 65, 31, 43, 13, 37, 24, 18, 42, 5, 1, 10, 12, 29, 9, 35, 2, 44, 54, 57, 11, 61, 62, 71, 70, 78, 3, 27, 4, 55, 8, 60, 72, 73, 51]
(Iter. 1283) BestSol = Solution: cost=[-758.0], size=[36], elements=[44, 4, 11, 2, 34, 31, 5, 65, 22, 10, 54, 32, 15, 1, 71, 51, 25, 52, 47, 50, 61, 49, 13, 7, 8, 53, 18, 24, 37, 78, 69, 60, 38, 73, 21, 3]
(Iter. 1284) BestSol = Solution: cost=[-770.0], size=[36], elements=[44, 4, 11, 2, 34, 31, 5, 22, 10, 54, 32, 15, 1, 71, 51, 25, 52, 47, 50, 61, 49, 13, 7, 8, 53, 18, 24, 37, 78, 69, 60, 38, 73, 21, 3, 76]
(Iter. 1286) BestSol = Solution: cost=[-779.0], size=[35], elements=[44, 4, 11, 2, 34, 31, 5, 10, 54, 32, 15, 1, 71, 51, 25, 52, 47, 50, 61, 49, 13, 7, 8, 53, 18, 24, 37, 78, 69, 60, 73, 21, 3, 76, 48]
(Iter. 1288) BestSol = Solution: cost=[-782.0], size=[36], elements=[44, 4, 11, 2, 34, 31, 5, 10, 54, 32, 15, 1, 71, 51, 25, 52, 47, 50, 61, 49, 13, 7, 8, 18, 24, 37, 78, 69, 60, 73, 21, 3, 76, 48, 55, 57]
(Iter. 1289) BestSol = Solution: cost=[-786.0], size=[36], elements=[44, 4, 11, 2, 34, 31, 5, 10, 54, 32, 15, 1, 71, 51, 25, 52, 47, 50, 61, 49, 13, 7, 8, 18, 24, 37, 78, 69, 60, 73, 3, 76, 48, 55, 57, 42]
(Iter. 1290) BestSol = Solution: cost=[-803.0], size=[36], elements=[44, 4, 11, 2, 34, 31, 5, 10, 54, 32, 15, 1, 51, 25, 52, 47, 50, 61, 49, 13, 7, 8, 18, 24, 37, 78, 69, 60, 73, 3, 76, 48, 55, 57, 42, 16]
(Iter. 1292) BestSol = Solution: cost=[-810.0], size=[36], elements=[44, 4, 11, 2, 34, 31, 5, 10, 54, 15, 1, 51, 25, 52, 47, 50, 61, 49, 13, 7, 8, 18, 24, 37, 78, 69, 60, 73, 3, 76, 48, 55, 57, 42, 16, 43]
(Iter. 32968) BestSol = Solution: cost=[-851.0], size=[36], elements=[2, 42, 54, 31, 3, 4, 13, 8, 1, 50, 48, 19, 61, 21, 43, 51, 24, 37, 64, 22, 47, 52, 76, 7, 49, 18, 71, 60, 58, 46, 73, 44, 55, 62, 74, 75]
maxVal = Solution: cost=[-851.0], size=[36], elements=[2, 42, 54, 31, 3, 4, 13, 8, 1, 50, 48, 19, 61, 21, 43, 51, 24, 37, 64, 22, 47, 52, 76, 7, 49, 18, 71, 60, 58, 46, 73, 44, 55, 62, 74, 75]
Time = 1384.535 seg
